1238,2048,3049,3806,1874,1521,3314,1599,1763,2597,2083,2247,2286,1612,1391,3216,1979,1918,1864,2655,1594,2205,1835,3985,6664,2883,1526,1446,2341,2015,1558,1521,1948,3584,3456,2632,1942,1824,3602,2527,1726,2150,2722,4925,4414,5827,6144,2251,3895,5158,1579,1832,2957,1995,1802,1340,1437,4320,2968,2316,4302,2428,1240
2048,810,2621,3378,1446,1093,2886,1171,1335,2169,1655,1819,1858,1184,963,2788,1551,1490,1436,2227,1166,1777,1407,3557,6236,2455,1098,1018,1913,1587,1130,1093,1520,3156,3028,2204,1514,1396,3174,2099,1298,1722,2294,4497,3986,5399,5716,1823,3467,4730,1151,1404,2529,1567,1374,912,1009,3892,2540,1888,3874,2000,812
3049,2621,1811,4379,2447,2094,3887,2172,2336,3170,2656,2820,2859,2185,1964,3789,2552,2491,2437,3228,2167,2778,2408,4558,7237,3456,2099,2019,2914,2588,2131,2094,2521,4157,4029,3205,2515,2397,4175,3100,2299,2723,3295,5498,4987,6400,6717,2824,4468,5731,2152,2405,3530,2568,2375,1913,2010,4893,3541,2889,4875,3001,1813
3806,3378,4379,2568,3204,2851,4644,2929,3093,3927,3413,3577,3616,2942,2721,4546,3309,3248,3194,3985,2924,3535,3165,5315,7994,4213,2856,2776,3671,3345,2888,2851,3278,4914,4786,3962,3272,3154,4932,3857,3056,3480,4052,6255,5744,7157,7474,3581,5225,6488,2909,3162,4287,3325,3132,2670,2767,5650,4298,3646,5632,3758,2570
1874,1446,2447,3204,636,919,2712,997,1161,1995,1481,1645,1684,1010,789,2614,1377,1316,1262,2053,992,1603,1233,3383,6062,2281,924,844,1739,1413,956,919,1346,2982,2854,2030,1340,1222,3000,1925,1124,1548,2120,4323,3812,5225,5542,1649,3293,4556,977,1230,2355,1393,1200,738,835,3718,2366,1714,3700,1826,638
1521,1093,2094,2851,919,283,2359,644,808,1642,1128,1292,1331,657,436,2261,1024,963,909,1700,639,1250,880,3030,5709,1928,571,491,1386,1060,603,566,993,2629,2501,1677,987,869,2647,1572,771,1195,1767,3970,3459,4872,5189,1296,2940,4203,624,877,2002,1040,847,385,482,3365,2013,1361,3347,1473,285
3314,2886,3887,4644,2712,2359,2076,2437,2601,3435,2921,3085,3124,2450,2229,4054,2817,2756,2702,3493,2432,3043,2673,4823,7502,3721,2364,2284,3179,2853,2396,2359,2786,4422,4294,3470,2780,2662,4440,3365,2564,2988,3560,5763,5252,6665,6982,3089,4733,5996,2417,2670,3795,2833,2640,2178,2275,5158,3806,3154,5140,3266,2078
1599,1171,2172,2929,997,644,2437,361,886,1720,1206,1370,1409,735,514,2339,1102,1041,987,1778,717,1328,958,3108,5787,2006,649,569,1464,1138,681,644,1071,2707,2579,1755,1065,947,2725,1650,849,1273,1845,4048,3537,4950,5267,1374,3018,4281,702,955,2080,1118,925,463,560,3443,2091,1439,3425,1551,363
1763,1335,2336,3093,1161,808,2601,886,525,1884,1370,1534,1573,899,678,2503,1266,1205,1151,1942,881,1492,1122,3272,5951,2170,813,733,1628,1302,845,808,1235,2871,2743,1919,1229,1111,2889,1814,1013,1437,2009,4212,3701,5114,5431,1538,3182,4445,866,1119,2244,1282,1089,627,724,3607,2255,1603,3589,1715,527
2597,2169,3170,3927,1995,1642,3435,1720,1884,1359,2204,2368,2407,1733,1512,3337,2100,2039,1985,2776,1715,2326,1956,4106,6785,3004,1647,1567,2462,2136,1679,1642,2069,3705,3577,2753,2063,1945,3723,2648,1847,2271,2843,5046,4535,5948,6265,2372,4016,5279,1700,1953,3078,2116,1923,1461,1558,4441,3089,2437,4423,2549,1361
2083,1655,2656,3413,1481,1128,2921,1206,1370,2204,845,1854,1893,1219,998,2823,1586,1525,1471,2262,1201,1812,1442,3592,6271,2490,1133,1053,1948,1622,1165,1128,1555,3191,3063,2239,1549,1431,3209,2134,1333,1757,2329,4532,4021,5434,5751,1858,3502,4765,1186,1439,2564,1602,1409,947,1044,3927,2575,1923,3909,2035,847
2247,1819,2820,3577,1645,1292,3085,1370,1534,2368,1854,1009,2057,1383,1162,2987,1750,1689,1635,2426,1365,1976,1606,3756,6435,2654,1297,1217,2112,1786,1329,1292,1719,3355,3227,2403,1713,1595,3373,2298,1497,1921,2493,4696,4185,5598,5915,2022,3666,4929,1350,1603,2728,1766,1573,1111,1208,4091,2739,2087,4073,2199,1011
2286,1858,2859,3616,1684,1331,3124,1409,1573,2407,1893,2057,1048,1422,1201,3026,1789,1728,1674,2465,1404,2015,1645,3795,6474,2693,1336,1256,2151,1825,1368,1331,1758,3394,3266,2442,1752,1634,3412,2337,1536,1960,2532,4735,4224,5637,5954,2061,3705,4968,1389,1642,2767,1805,1612,1150,1247,4130,2778,2126,4112,2238,1050
1612,1184,2185,2942,1010,657,2450,735,899,1733,1219,1383,1422,374,527,2352,1115,1054,1000,1791,730,1341,971,3121,5800,2019,662,582,1477,1151,694,657,1084,2720,2592,1768,1078,960,2738,1663,862,1286,1858,4061,3550,4963,5280,1387,3031,4294,715,968,2093,1131,938,476,573,3456,2104,1452,3438,1564,376
1391,963,1964,2721,789,436,2229,514,678,1512,998,1162,1201,527,153,2131,894,833,779,1570,509,1120,750,2900,5579,1798,441,361,1256,930,473,436,863,2499,2371,1547,857,739,2517,1442,641,1065,1637,3840,3329,4742,5059,1166,2810,4073,494,747,1872,910,717,255,352,3235,1883,1231,3217,1343,155
3216,2788,3789,4546,2614,2261,4054,2339,2503,3337,2823,2987,3026,2352,2131,1978,2719,2658,2604,3395,2334,2945,2575,4725,7404,3623,2266,2186,3081,2755,2298,2261,2688,4324,4196,3372,2682,2564,4342,3267,2466,2890,3462,5665,5154,6567,6884,2991,4635,5898,2319,2572,3697,2735,2542,2080,2177,5060,3708,3056,5042,3168,1980
1979,1551,2552,3309,1377,1024,2817,1102,1266,2100,1586,1750,1789,1115,894,2719,741,1421,1367,2158,1097,1708,1338,3488,6167,2386,1029,949,1844,1518,1061,1024,1451,3087,2959,2135,1445,1327,3105,2030,1229,1653,2225,4428,3917,5330,5647,1754,3398,4661,1082,1335,2460,1498,1305,843,940,3823,2471,1819,3805,1931,743
1918,1490,2491,3248,1316,963,2756,1041,1205,2039,1525,1689,1728,1054,833,2658,1421,680,1306,2097,1036,1647,1277,3427,6106,2325,968,888,1783,1457,1000,963,1390,3026,2898,2074,1384,1266,3044,1969,1168,1592,2164,4367,3856,5269,5586,1693,3337,4600,1021,1274,2399,1437,1244,782,879,3762,2410,1758,3744,1870,682
1864,1436,2437,3194,1262,909,2702,987,1151,1985,1471,1635,1674,1000,779,2604,1367,1306,626,2043,982,1593,1223,3373,6052,2271,914,834,1729,1403,946,909,1336,2972,2844,2020,1330,1212,2990,1915,1114,1538,2110,4313,3802,5215,5532,1639,3283,4546,967,1220,2345,1383,1190,728,825,3708,2356,1704,3690,1816,628
2655,2227,3228,3985,2053,1700,3493,1778,1942,2776,2262,2426,2465,1791,1570,3395,2158,2097,2043,1417,1773,2384,2014,4164,6843,3062,1705,1625,2520,2194,1737,1700,2127,3763,3635,2811,2121,2003,3781,2706,1905,2329,2901,5104,4593,6006,6323,2430,4074,5337,1758,2011,3136,2174,1981,1519,1616,4499,3147,2495,4481,2607,1419
1594,1166,2167,2924,992,639,2432,717,881,1715,1201,1365,1404,730,509,2334,1097,1036,982,1773,356,1323,953,3103,5782,2001,644,564,1459,1133,676,639,1066,2702,2574,1750,1060,942,2720,1645,844,1268,1840,4043,3532,4945,5262,1369,3013,4276,697,950,2075,1113,920,458,555,3438,2086,1434,3420,1546,358
2205,1777,2778,3535,1603,1250,3043,1328,1492,2326,1812,1976,2015,1341,1120,2945,1708,1647,1593,2384,1323,967,1564,3714,6393,2612,1255,1175,2070,1744,1287,1250,1677,3313,3185,2361,1671,1553,3331,2256,1455,1879,2451,4654,4143,5556,5873,1980,3624,4887,1308,1561,2686,1724,1531,1069,1166,4049,2697,2045,4031,2157,969
1835,1407,2408,3165,1233,880,2673,958,1122,1956,1442,1606,1645,971,750,2575,1338,1277,1223,2014,953,1564,597,3344,6023,2242,885,805,1700,1374,917,880,1307,2943,2815,1991,1301,1183,2961,1886,1085,1509,2081,4284,3773,5186,5503,1610,3254,4517,938,1191,2316,1354,1161,699,796,3679,2327,1675,3661,1787,599
3985,3557,4558,5315,3383,3030,4823,3108,3272,4106,3592,3756,3795,3121,2900,4725,3488,3427,3373,4164,3103,3714,3344,2747,8173,4392,3035,2955,3850,3524,3067,3030,3457,5093,4965,4141,3451,3333,5111,4036,3235,3659,4231,6434,5923,7336,7653,3760,5404,6667,3088,3341,4466,3504,3311,2849,2946,5829,4477,3825,5811,3937,2749
6664,6236,7237,7994,6062,5709,7502,5787,5951,6785,6271,6435,6474,5800,5579,7404,6167,6106,6052,6843,5782,6393,6023,8173,5426,7071,5714,5634,6529,6203,5746,5709,6136,7772,7644,6820,6130,6012,7790,6715,5914,6338,6910,9113,8602,10015,10332,6439,8083,9346,5767,6020,7145,6183,5990,5528,5625,8508,7156,6504,8490,6616,5428
2883,2455,3456,4213,2281,1928,3721,2006,2170,3004,2490,2654,2693,2019,1798,3623,2386,2325,2271,3062,2001,2612,2242,4392,7071,1645,1933,1853,2748,2422,1965,1928,2355,3991,3863,3039,2349,2231,4009,2934,2133,2557,3129,5332,4821,6234,6551,2658,4302,5565,1986,2239,3364,2402,2209,1747,1844,4727,3375,2723,4709,2835,1647
1526,1098,2099,2856,924,571,2364,649,813,1647,1133,1297,1336,662,441,2266,1029,968,914,1705,644,1255,885,3035,5714,1933,288,496,1391,1065,608,571,998,2634,2506,1682,992,874,2652,1577,776,1200,1772,3975,3464,4877,5194,1301,2945,4208,629,882,2007,1045,852,390,487,3370,2018,1366,3352,1478,290
1446,1018,2019,2776,844,491,2284,569,733,1567,1053,1217,1256,582,361,2186,949,888,834,1625,564,1175,805,2955,5634,1853,496,208,1311,985,528,491,918,2554,2426,1602,912,794,2572,1497,696,1120,1692,3895,3384,4797,5114,1221,2865,4128,549,802,1927,965,772,310,407,3290,1938,1286,3272,1398,210
2341,1913,2914,3671,1739,1386,3179,1464,1628,2462,1948,2112,2151,1477,1256,3081,1844,1783,1729,2520,1459,2070,1700,3850,6529,2748,1391,1311,1103,1880,1423,1386,1813,3449,3321,2497,1807,1689,3467,2392,1591,2015,2587,4790,4279,5692,6009,2116,3760,5023,1444,1697,2822,1860,1667,1205,1302,4185,2833,2181,4167,2293,1105
2015,1587,2588,3345,1413,1060,2853,1138,1302,2136,1622,1786,1825,1151,930,2755,1518,1457,1403,2194,1133,1744,1374,3524,6203,2422,1065,985,1880,777,1097,1060,1487,3123,2995,2171,1481,1363,3141,2066,1265,1689,2261,4464,3953,5366,5683,1790,3434,4697,1118,1371,2496,1534,1341,879,976,3859,2507,1855,3841,1967,779
1558,1130,2131,2888,956,603,2396,681,845,1679,1165,1329,1368,694,473,2298,1061,1000,946,1737,676,1287,917,3067,5746,1965,608,528,1423,1097,320,603,1030,2666,2538,1714,1024,906,2684,1609,808,1232,1804,4007,3496,4909,5226,1333,2977,4240,661,914,2039,1077,884,422,519,3402,2050,1398,3384,1510,322
1521,1093,2094,2851,919,566,2359,644,808,1642,1128,1292,1331,657,436,2261,1024,963,909,1700,639,1250,880,3030,5709,1928,571,491,1386,1060,603,283,993,2629,2501,1677,987,869,2647,1572,771,1195,1767,3970,3459,4872,5189,1296,2940,4203,624,877,2002,1040,847,385,482,3365,2013,1361,3347,1473,285
1948,1520,2521,3278,1346,993,2786,1071,1235,2069,1555,1719,1758,1084,863,2688,1451,1390,1336,2127,1066,1677,1307,3457,6136,2355,998,918,1813,1487,1030,993,710,3056,2928,2104,1414,1296,3074,1999,1198,1622,2194,4397,3886,5299,5616,1723,3367,4630,1051,1304,2429,1467,1274,812,909,3792,2440,1788,3774,1900,712
3584,3156,4157,4914,2982,2629,4422,2707,2871,3705,3191,3355,3394,2720,2499,4324,3087,3026,2972,3763,2702,3313,2943,5093,7772,3991,2634,2554,3449,3123,2666,2629,3056,2346,4564,3740,3050,2932,4710,3635,2834,3258,3830,6033,5522,6935,7252,3359,5003,6266,2687,2940,4065,3103,2910,2448,2545,5428,4076,3424,5410,3536,2348
3456,3028,4029,4786,2854,2501,4294,2579,2743,3577,3063,3227,3266,2592,2371,4196,2959,2898,2844,3635,2574,3185,2815,4965,7644,3863,2506,2426,3321,2995,2538,2501,2928,4564,2218,3612,2922,2804,4582,3507,2706,3130,3702,5905,5394,6807,7124,3231,4875,6138,2559,2812,3937,2975,2782,2320,2417,5300,3948,3296,5282,3408,2220
2632,2204,3205,3962,2030,1677,3470,1755,1919,2753,2239,2403,2442,1768,1547,3372,2135,2074,2020,2811,1750,2361,1991,4141,6820,3039,1682,1602,2497,2171,1714,1677,2104,3740,3612,1394,2098,1980,3758,2683,1882,2306,2878,5081,4570,5983,6300,2407,4051,5314,1735,1988,3113,2151,1958,1496,1593,4476,3124,2472,4458,2584,1396
1942,1514,2515,3272,1340,987,2780,1065,1229,2063,1549,1713,1752,1078,857,2682,1445,1384,1330,2121,1060,1671,1301,3451,6130,2349,992,912,1807,1481,1024,987,1414,3050,2922,2098,704,1290,3068,1993,1192,1616,2188,4391,3880,5293,5610,1717,3361,4624,1045,1298,2423,1461,1268,806,903,3786,2434,1782,3768,1894,706
1824,1396,2397,3154,1222,869,2662,947,1111,1945,1431,1595,1634,960,739,2564,1327,1266,1212,2003,942,1553,1183,3333,6012,2231,874,794,1689,1363,906,869,1296,2932,2804,1980,1290,586,2950,1875,1074,1498,2070,4273,3762,5175,5492,1599,3243,4506,927,1180,2305,1343,1150,688,785,3668,2316,1664,3650,1776,588
3602,3174,4175,4932,3000,2647,4440,2725,2889,3723,3209,3373,3412,2738,2517,4342,3105,3044,2990,3781,2720,3331,2961,5111,7790,4009,2652,2572,3467,3141,2684,2647,3074,4710,4582,3758,3068,2950,2364,3653,2852,3276,3848,6051,5540,6953,7270,3377,5021,6284,2705,2958,4083,3121,2928,2466,2563,5446,4094,3442,5428,3554,2366
2527,2099,3100,3857,1925,1572,3365,1650,1814,2648,2134,2298,2337,1663,1442,3267,2030,1969,1915,2706,1645,2256,1886,4036,6715,2934,1577,1497,2392,2066,1609,1572,1999,3635,3507,2683,1993,1875,3653,1289,1777,2201,2773,4976,4465,5878,6195,2302,3946,5209,1630,1883,3008,2046,1853,1391,1488,4371,3019,2367,4353,2479,1291
1726,1298,2299,3056,1124,771,2564,849,1013,1847,1333,1497,1536,862,641,2466,1229,1168,1114,1905,844,1455,1085,3235,5914,2133,776,696,1591,1265,808,771,1198,2834,2706,1882,1192,1074,2852,1777,488,1400,1972,4175,3664,5077,5394,1501,3145,4408,829,1082,2207,1245,1052,590,687,3570,2218,1566,3552,1678,490
2150,1722,2723,3480,1548,1195,2988,1273,1437,2271,1757,1921,1960,1286,1065,2890,1653,1592,1538,2329,1268,1879,1509,3659,6338,2557,1200,1120,2015,1689,1232,1195,1622,3258,3130,2306,1616,1498,3276,2201,1400,912,2396,4599,4088,5501,5818,1925,3569,4832,1253,1506,2631,1669,1476,1014,1111,3994,2642,1990,3976,2102,914
2722,2294,3295,4052,2120,1767,3560,1845,2009,2843,2329,2493,2532,1858,1637,3462,2225,2164,2110,2901,1840,2451,2081,4231,6910,3129,1772,1692,2587,2261,1804,1767,2194,3830,3702,2878,2188,2070,3848,2773,1972,2396,1484,5171,4660,6073,6390,2497,4141,5404,1825,2078,3203,2241,2048,1586,1683,4566,3214,2562,4548,2674,1486
4925,4497,5498,6255,4323,3970,5763,4048,4212,5046,4532,4696,4735,4061,3840,5665,4428,4367,4313,5104,4043,4654,4284,6434,9113,5332,3975,3895,4790,4464,4007,3970,4397,6033,5905,5081,4391,4273,6051,4976,4175,4599,5171,3687,6863,8276,8593,4700,6344,7607,4028,4281,5406,4444,4251,3789,3886,6769,5417,4765,6751,4877,3689
4414,3986,4987,5744,3812,3459,5252,3537,3701,4535,4021,4185,4224,3550,3329,5154,3917,3856,3802,4593,3532,4143,3773,5923,8602,4821,3464,3384,4279,3953,3496,3459,3886,5522,5394,4570,3880,3762,5540,4465,3664,4088,4660,6863,3176,7765,8082,4189,5833,7096,3517,3770,4895,3933,3740,3278,3375,6258,4906,4254,6240,4366,3178
5827,5399,6400,7157,5225,4872,6665,4950,5114,5948,5434,5598,5637,4963,4742,6567,5330,5269,5215,6006,4945,5556,5186,7336,10015,6234,4877,4797,5692,5366,4909,4872,5299,6935,6807,5983,5293,5175,6953,5878,5077,5501,6073,8276,7765,4589,9495,5602,7246,8509,4930,5183,6308,5346,5153,4691,4788,7671,6319,5667,7653,5779,4591
6144,5716,6717,7474,5542,5189,6982,5267,5431,6265,5751,5915,5954,5280,5059,6884,5647,5586,5532,6323,5262,5873,5503,7653,10332,6551,5194,5114,6009,5683,5226,5189,5616,7252,7124,6300,5610,5492,7270,6195,5394,5818,6390,8593,8082,9495,4906,5919,7563,8826,5247,5500,6625,5663,5470,5008,5105,7988,6636,5984,7970,6096,4908
2251,1823,2824,3581,1649,1296,3089,1374,1538,2372,1858,2022,2061,1387,1166,2991,1754,1693,1639,2430,1369,1980,1610,3760,6439,2658,1301,1221,2116,1790,1333,1296,1723,3359,3231,2407,1717,1599,3377,2302,1501,1925,2497,4700,4189,5602,5919,1013,3670,4933,1354,1607,2732,1770,1577,1115,1212,4095,2743,2091,4077,2203,1015
3895,3467,4468,5225,3293,2940,4733,3018,3182,4016,3502,3666,3705,3031,2810,4635,3398,3337,3283,4074,3013,3624,3254,5404,8083,4302,2945,2865,3760,3434,2977,2940,3367,5003,4875,4051,3361,3243,5021,3946,3145,3569,4141,6344,5833,7246,7563,3670,2657,6577,2998,3251,4376,3414,3221,2759,2856,5739,4387,3735,5721,3847,2659
5158,4730,5731,6488,4556,4203,5996,4281,4445,5279,4765,4929,4968,4294,4073,5898,4661,4600,4546,5337,4276,4887,4517,6667,9346,5565,4208,4128,5023,4697,4240,4203,4630,6266,6138,5314,4624,4506,6284,5209,4408,4832,5404,7607,7096,8509,8826,4933,6577,3920,4261,4514,5639,4677,4484,4022,4119,7002,5650,4998,6984,5110,3922
1579,1151,2152,2909,977,624,2417,702,866,1700,1186,1350,1389,715,494,2319,1082,1021,967,1758,697,1308,938,3088,5767,1986,629,549,1444,1118,661,624,1051,2687,2559,1735,1045,927,2705,1630,829,1253,1825,4028,3517,4930,5247,1354,2998,4261,341,935,2060,1098,905,443,540,3423,2071,1419,3405,1531,343
1832,1404,2405,3162,1230,877,2670,955,1119,1953,1439,1603,1642,968,747,2572,1335,1274,1220,2011,950,1561,1191,3341,6020,2239,882,802,1697,1371,914,877,1304,2940,2812,1988,1298,1180,2958,1883,1082,1506,2078,4281,3770,5183,5500,1607,3251,4514,935,594,2313,1351,1158,696,793,3676,2324,1672,3658,1784,596
2957,2529,3530,4287,2355,2002,3795,2080,2244,3078,2564,2728,2767,2093,1872,3697,2460,2399,2345,3136,2075,2686,2316,4466,7145,3364,2007,1927,2822,2496,2039,2002,2429,4065,3937,3113,2423,2305,4083,3008,2207,2631,3203,5406,4895,6308,6625,2732,4376,5639,2060,2313,1719,2476,2283,1821,1918,4801,3449,2797,4783,2909,1721
1995,1567,2568,3325,1393,1040,2833,1118,1282,2116,1602,1766,1805,1131,910,2735,1498,1437,1383,2174,1113,1724,1354,3504,6183,2402,1045,965,1860,1534,1077,1040,1467,3103,2975,2151,1461,1343,3121,2046,1245,1669,2241,4444,3933,5346,5663,1770,3414,4677,1098,1351,2476,757,1321,859,956,3839,2487,1835,3821,1947,759
1802,1374,2375,3132,1200,847,2640,925,1089,1923,1409,1573,1612,938,717,2542,1305,1244,1190,1981,920,1531,1161,3311,5990,2209,852,772,1667,1341,884,847,1274,2910,2782,1958,1268,1150,2928,1853,1052,1476,2048,4251,3740,5153,5470,1577,3221,4484,905,1158,2283,1321,564,666,763,3646,2294,1642,3628,1754,566
1340,912,1913,2670,738,385,2178,463,627,1461,947,1111,1150,476,255,2080,843,782,728,1519,458,1069,699,2849,5528,1747,390,310,1205,879,422,385,812,2448,2320,1496,806,688,2466,1391,590,1014,1586,3789,3278,4691,5008,1115,2759,4022,443,696,1821,859,666,102,301,3184,1832,1180,3166,1292,104
1437,1009,2010,2767,835,482,2275,560,724,1558,1044,1208,1247,573,352,2177,940,879,825,1616,555,1166,796,2946,5625,1844,487,407,1302,976,519,482,909,2545,2417,1593,903,785,2563,1488,687,1111,1683,3886,3375,4788,5105,1212,2856,4119,540,793,1918,956,763,301,199,3281,1929,1277,3263,1389,201
4320,3892,4893,5650,3718,3365,5158,3443,3607,4441,3927,4091,4130,3456,3235,5060,3823,3762,3708,4499,3438,4049,3679,5829,8508,4727,3370,3290,4185,3859,3402,3365,3792,5428,5300,4476,3786,3668,5446,4371,3570,3994,4566,6769,6258,7671,7988,4095,5739,7002,3423,3676,4801,3839,3646,3184,3281,3082,4812,4160,6146,4272,3084
2968,2540,3541,4298,2366,2013,3806,2091,2255,3089,2575,2739,2778,2104,1883,3708,2471,2410,2356,3147,2086,2697,2327,4477,7156,3375,2018,1938,2833,2507,2050,2013,2440,4076,3948,3124,2434,2316,4094,3019,2218,2642,3214,5417,4906,6319,6636,2743,4387,5650,2071,2324,3449,2487,2294,1832,1929,4812,1730,2808,4794,2920,1732
2316,1888,2889,3646,1714,1361,3154,1439,1603,2437,1923,2087,2126,1452,1231,3056,1819,1758,1704,2495,1434,2045,1675,3825,6504,2723,1366,1286,2181,1855,1398,1361,1788,3424,3296,2472,1782,1664,3442,2367,1566,1990,2562,4765,4254,5667,5984,2091,3735,4998,1419,1672,2797,1835,1642,1180,1277,4160,2808,1078,4142,2268,1080
4302,3874,4875,5632,3700,3347,5140,3425,3589,4423,3909,4073,4112,3438,3217,5042,3805,3744,3690,4481,3420,4031,3661,5811,8490,4709,3352,3272,4167,3841,3384,3347,3774,5410,5282,4458,3768,3650,5428,4353,3552,3976,4548,6751,6240,7653,7970,4077,5721,6984,3405,3658,4783,3821,3628,3166,3263,6146,4794,4142,3064,4254,3066
2428,2000,3001,3758,1826,1473,3266,1551,1715,2549,2035,2199,2238,1564,1343,3168,1931,1870,1816,2607,1546,2157,1787,3937,6616,2835,1478,1398,2293,1967,1510,1473,1900,3536,3408,2584,1894,1776,3554,2479,1678,2102,2674,4877,4366,5779,6096,2203,3847,5110,1531,1784,2909,1947,1754,1292,1389,4272,2920,2268,4254,1190,1192
1240,812,1813,2570,638,285,2078,363,527,1361,847,1011,1050,376,155,1980,743,682,628,1419,358,969,599,2749,5428,1647,290,210,1105,779,322,285,712,2348,2220,1396,706,588,2366,1291,490,914,1486,3689,3178,4591,4908,1015,2659,3922,343,596,1721,759,566,104,201,3084,1732,1080,3066,1192,2
