99,6,12,2,0,0,6,0,4,0,0,2,2,0,0,6,0,2,0,6,0,0,0,4,2,0,0,0,4,4,0,0,2,2,0,2,0,0,0,0,0,2,2,2,8,12,24,6,6,6,0,2,6,4,2,0,0,2,2,4,4,4,2
6,121,16,0,0,0,12,2,0,0,0,0,0,0,0,4,2,2,0,0,0,0,0,2,2,0,0,0,0,0,0,0,0,2,0,0,16,2,0,0,0,0,0,2,0,2,0,20,2,0,2,0,2,0,0,14,0,0,0,0,0,0,0
12,16,176,12,2,4,2,0,0,0,0,0,0,0,0,2,0,6,0,0,0,0,0,0,0,0,0,0,0,0,0,0,0,0,0,0,0,0,0,0,0,2,0,0,0,0,8,0,2,0,0,0,2,0,0,0,0,0,0,0,0,6,0
2,0,12,72,2,0,12,2,0,0,12,0,0,0,0,4,0,2,0,0,0,0,0,0,0,0,0,0,0,0,0,0,0,0,0,0,0,0,0,0,0,0,0,0,8,0,2,0,0,0,0,0,0,0,0,0,0,12,4,0,0,6,0
0,0,2,2,31,0,0,0,0,0,0,2,0,0,0,6,0,0,0,0,0,0,0,0,0,0,0,0,0,0,0,0,0,0,0,0,0,0,0,2,0,0,0,0,0,0,0,0,0,0,0,0,0,0,0,0,0,0,0,0,0,4,0
0,0,4,0,0,11,0,0,0,0,0,0,0,2,0,2,0,0,0,0,0,0,0,0,0,0,0,0,0,0,0,0,0,0,0,0,0,0,0,0,0,0,0,0,0,0,0,0,0,0,0,0,0,0,0,0,0,0,0,0,0,0,0
6,12,2,12,0,0,205,14,4,22,0,2,0,0,0,12,6,0,0,4,0,0,0,0,0,2,0,2,0,2,2,0,0,0,0,0,0,2,0,0,0,0,0,0,2,2,2,0,0,0,0,0,0,0,0,0,0,2,2,0,0,2,0
0,2,0,2,0,0,14,19,6,2,2,2,0,0,0,4,0,0,0,2,0,0,0,0,0,0,0,0,0,0,0,0,0,0,0,0,4,0,0,0,0,0,0,0,2,0,0,0,0,0,0,0,0,0,0,0,0,0,0,0,0,2,0
4,0,0,0,0,0,4,6,21,4,4,8,2,6,2,4,0,0,0,2,0,2,0,0,0,0,0,0,0,0,0,0,0,0,0,0,0,0,0,2,0,0,0,0,0,0,2,0,0,0,0,0,0,0,0,0,0,0,0,0,0,0,0
0,0,0,0,0,0,22,2,4,36,0,0,2,0,0,8,6,0,0,0,0,2,0,0,0,0,0,0,0,0,0,0,0,0,0,0,2,0,0,0,0,2,0,0,0,0,0,0,0,0,0,0,0,0,0,0,0,0,0,0,0,0,0
0,0,0,12,0,0,0,2,4,0,57,2,0,2,0,4,0,0,0,0,0,0,0,2,0,0,0,0,0,0,0,0,2,2,2,0,0,0,0,0,0,0,0,8,0,26,0,0,0,0,0,0,0,0,0,0,0,10,0,0,0,2,0
2,0,0,0,2,0,2,2,8,0,2,50,4,4,4,10,0,0,0,0,0,0,0,0,0,0,0,0,0,0,0,0,0,0,0,0,0,0,0,0,0,0,0,0,0,0,2,0,0,0,0,0,0,0,0,0,0,0,0,0,0,0,0
2,0,0,0,0,0,0,0,2,2,0,4,29,0,0,8,6,0,0,0,0,0,0,0,0,0,0,0,0,0,0,0,0,0,0,0,0,0,0,0,0,0,0,0,0,0,0,0,0,0,0,0,0,0,0,0,0,0,0,0,0,0,0
0,0,0,0,0,2,0,0,6,0,2,4,0,22,4,8,0,0,0,0,0,0,0,0,0,0,0,0,0,0,0,0,0,0,2,0,0,0,0,2,2,0,0,2,0,0,0,0,0,0,0,0,0,0,0,0,0,0,0,2,0,0,0
0,0,0,0,0,0,0,0,2,0,0,4,0,4,5,0,0,0,0,0,0,0,0,0,0,0,0,0,0,0,0,0,0,0,0,0,0,0,0,0,6,0,0,0,0,0,0,0,0,0,0,0,0,0,0,0,0,0,0,0,0,0,0
6,4,2,4,6,2,12,4,4,8,4,10,8,8,0,183,10,0,0,0,0,0,0,0,0,0,0,0,0,0,0,0,0,0,0,0,0,0,2,0,0,0,0,0,0,0,6,0,0,0,0,0,0,0,0,0,0,0,0,0,0,0,0
0,2,0,0,0,0,6,0,0,6,0,0,6,0,0,10,51,0,2,0,0,0,0,0,0,0,0,0,0,2,6,0,0,2,0,0,0,0,0,8,0,4,0,0,0,0,0,0,2,0,0,0,6,0,0,0,0,0,0,0,0,0,0
2,2,6,2,0,0,0,0,0,0,0,0,0,0,0,0,0,22,0,0,0,0,0,0,0,0,0,2,0,0,0,2,2,6,0,4,0,0,0,0,0,0,0,0,0,0,0,0,2,0,0,0,0,0,0,0,0,0,0,0,0,0,0
0,0,0,0,0,0,0,0,0,0,0,0,0,0,0,0,2,0,30,4,0,0,0,0,0,0,0,0,0,0,6,0,0,6,2,0,0,0,0,2,0,0,0,20,0,0,0,0,0,0,0,0,0,0,0,0,0,0,0,0,0,0,0
6,0,0,0,0,0,4,2,2,0,0,0,0,0,0,0,0,0,4,86,4,0,0,0,4,0,0,0,2,0,0,0,10,10,4,0,0,0,0,0,0,0,0,4,2,0,0,0,0,0,0,0,0,0,0,0,0,0,0,0,0,0,0
0,0,0,0,0,0,0,0,0,0,0,0,0,0,0,0,0,0,0,4,13,0,0,0,4,0,0,0,0,0,0,0,0,0,0,0,0,0,0,0,0,0,2,4,0,2,0,0,2,0,0,0,0,0,0,0,0,0,0,0,0,0,0
0,0,0,0,0,0,0,0,2,2,0,0,0,0,0,0,0,0,0,0,0,10,0,0,0,0,0,0,0,0,0,0,0,0,0,0,0,0,0,0,0,0,2,0,0,0,0,0,0,0,0,0,0,0,0,0,0,0,0,0,0,0,0
0,0,0,0,0,0,0,0,0,0,0,0,0,0,0,0,0,0,0,0,0,0,48,2,2,0,2,0,0,0,0,6,0,2,0,0,0,0,0,0,0,0,0,2,0,6,0,0,0,0,0,0,0,0,0,0,0,0,0,0,0,0,0
4,2,0,0,0,0,0,0,0,0,2,0,0,0,0,0,0,0,0,0,0,0,2,187,8,6,4,0,0,4,0,2,4,0,8,8,0,0,0,2,0,0,0,4,2,10,0,12,2,0,0,0,4,0,0,0,0,0,0,0,6,0,0
2,2,0,0,0,0,0,0,0,0,0,0,0,0,0,0,0,0,0,4,4,0,2,8,127,0,2,0,0,2,0,4,2,0,12,6,0,0,4,0,0,0,2,4,0,64,0,2,4,10,0,10,2,2,2,0,0,0,0,0,0,0,0
0,0,0,0,0,0,2,0,0,0,0,0,0,0,0,0,0,0,0,0,0,0,0,6,0,19,0,0,0,0,0,0,0,0,0,0,0,0,0,8,0,0,4,0,0,2,0,0,0,0,0,0,0,0,0,0,0,0,0,0,4,0,0
0,0,0,0,0,0,0,0,0,0,0,0,0,0,0,0,0,0,0,0,0,0,2,4,2,0,22,0,0,2,0,0,2,0,0,0,0,0,0,0,0,0,0,4,0,2,0,0,0,2,0,0,0,0,0,0,0,0,2,0,0,0,0
0,0,0,0,0,0,2,0,0,0,0,0,0,0,0,0,0,2,0,0,0,0,0,0,0,0,0,19,0,10,0,4,0,6,0,0,0,0,0,0,0,0,0,0,0,0,0,0,0,0,0,0,0,0,0,0,0,0,0,0,0,0,0
4,0,0,0,0,0,0,0,0,0,0,0,0,0,0,0,0,0,0,2,0,0,0,0,0,0,0,0,38,12,0,0,0,8,2,0,0,0,0,0,0,0,0,2,2,22,2,0,0,0,0,0,0,0,0,0,0,0,0,0,0,2,0
4,0,0,0,0,0,2,0,0,0,0,0,0,0,0,0,2,0,0,0,0,0,0,4,2,0,2,10,12,52,2,8,2,10,4,0,0,0,0,0,0,0,0,8,0,2,2,0,2,2,0,0,0,0,0,0,0,0,0,0,0,2,0
0,0,0,0,0,0,2,0,0,0,0,0,0,0,0,0,6,0,6,0,0,0,0,0,0,0,0,0,0,2,12,0,0,4,0,0,0,0,0,0,0,0,0,0,0,0,0,0,0,0,0,0,0,0,0,0,0,0,0,0,0,0,0
0,0,0,0,0,0,0,0,0,0,0,0,0,0,0,0,0,2,0,0,0,0,6,2,4,0,0,4,0,8,0,29,0,2,4,0,0,0,0,0,0,0,0,0,0,2,2,0,2,0,0,0,0,0,0,0,0,0,0,0,2,0,0
2,0,0,0,0,0,0,0,0,0,2,0,0,0,0,0,0,2,0,10,0,0,0,4,2,0,2,0,0,2,0,0,47,10,12,2,0,0,0,0,0,0,0,4,0,16,0,2,6,2,0,0,0,0,0,0,0,0,0,2,0,0,0
2,2,0,0,0,0,0,0,0,0,2,0,0,0,0,0,2,6,6,10,0,0,2,0,0,0,0,6,8,10,4,2,10,93,34,2,0,0,0,2,0,0,0,2,0,2,0,0,2,0,0,0,0,0,0,0,0,2,0,0,0,0,0
0,0,0,0,0,0,0,0,0,0,2,0,0,2,0,0,0,0,2,4,0,0,0,8,12,0,0,0,2,4,0,4,12,34,74,2,0,0,0,2,0,0,0,4,0,22,0,0,2,0,0,0,0,0,0,0,0,0,0,0,0,0,0
2,0,0,0,0,0,0,0,0,0,0,0,0,0,0,0,0,4,0,0,0,0,0,8,6,0,0,0,0,0,0,0,2,2,2,66,0,0,2,0,0,0,0,0,0,12,4,2,4,2,0,0,0,0,0,0,0,20,6,2,40,0,0
0,16,0,0,0,0,0,4,0,2,0,0,0,0,0,0,0,0,0,0,0,0,0,0,0,0,0,0,0,0,0,0,0,0,0,0,31,4,4,2,0,0,0,0,0,0,0,0,0,0,0,0,0,0,0,0,0,0,0,0,0,0,0
0,2,0,0,0,0,2,0,0,0,0,0,0,0,0,0,0,0,0,0,0,0,0,0,0,0,0,0,0,0,0,0,0,0,0,0,4,11,6,0,0,0,0,4,0,0,0,0,0,0,0,0,0,0,0,0,0,0,0,0,0,0,0
0,0,0,0,0,0,0,0,0,0,0,0,0,0,0,2,0,0,0,0,0,0,0,0,4,0,0,0,0,0,0,0,0,0,0,2,4,6,54,0,2,6,4,4,0,0,0,0,0,0,0,0,0,0,2,0,0,0,0,0,0,0,0
0,0,0,0,2,0,0,0,2,0,0,0,0,2,0,0,8,0,2,0,0,0,0,2,0,8,0,0,0,0,0,0,0,2,2,0,2,0,0,210,2,10,0,0,0,2,0,0,0,0,0,0,0,0,0,0,0,0,0,0,0,0,0
0,0,0,0,0,0,0,0,0,0,0,0,0,2,6,0,0,0,0,0,0,0,0,0,0,0,0,0,0,0,0,0,0,0,0,0,0,0,2,2,30,16,0,0,0,0,0,0,0,0,0,0,0,0,0,0,0,0,0,0,0,0,0
2,0,2,0,0,0,0,0,0,2,0,0,0,0,0,0,4,0,0,0,0,0,0,0,0,0,0,0,0,0,0,0,0,0,0,0,0,0,6,10,16,37,2,0,0,0,0,0,0,0,0,0,0,0,0,0,0,0,0,0,0,0,0
2,0,0,0,0,0,0,0,0,0,0,0,0,0,0,0,0,0,0,0,2,2,0,0,2,4,0,0,0,0,0,0,0,0,0,0,0,0,4,0,0,2,13,0,0,0,0,0,0,0,0,0,0,0,0,0,0,0,0,0,0,0,0
2,2,0,0,0,0,0,0,0,0,8,0,0,2,0,0,0,0,20,4,4,0,2,4,4,0,4,0,2,8,0,0,4,2,4,0,0,4,4,0,0,0,0,336,54,6,4,2,0,2,0,0,0,8,0,0,0,34,8,8,16,10,0
8,0,0,8,0,0,2,2,0,0,0,0,0,0,0,0,0,0,0,2,0,0,0,2,0,0,0,0,2,0,0,0,0,0,0,0,0,0,0,0,0,0,0,54,161,0,0,0,0,0,0,0,0,0,0,0,0,12,0,0,4,6,0
12,2,0,0,0,0,2,0,0,0,26,0,0,0,0,0,0,0,0,0,2,0,6,10,64,2,2,0,22,2,0,2,16,2,22,12,0,0,0,2,0,0,0,6,0,331,26,0,10,10,0,8,2,6,0,0,0,22,0,2,14,0,0
24,0,8,2,0,0,2,0,2,0,0,2,0,0,0,6,0,0,0,0,0,0,0,0,0,0,0,0,2,2,0,2,0,0,0,4,0,0,0,0,0,0,0,4,0,26,214,0,0,2,0,0,0,0,0,0,0,6,8,4,22,46,0
6,20,0,0,0,0,0,0,0,0,0,0,0,0,0,0,0,0,0,0,0,0,0,12,2,0,0,0,0,0,0,0,2,0,0,2,0,0,0,0,0,0,0,2,0,0,0,66,14,4,0,0,0,2,2,0,0,2,0,0,0,0,0
6,2,2,0,0,0,0,0,0,0,0,0,0,0,0,0,2,2,0,0,2,0,0,2,4,0,0,0,0,2,0,2,6,2,2,4,0,0,0,0,0,0,0,0,0,10,0,14,235,28,0,0,0,2,0,0,2,2,0,0,0,0,0
6,0,0,0,0,0,0,0,0,0,0,0,0,0,0,0,0,0,0,0,0,0,0,0,10,0,2,0,0,2,0,0,2,0,0,2,0,0,0,0,0,0,0,2,0,10,2,4,28,146,0,4,0,2,0,0,2,0,0,0,0,0,0
0,2,0,0,0,0,0,0,0,0,0,0,0,0,0,0,0,0,0,0,0,0,0,0,0,0,0,0,0,0,0,0,0,0,0,0,0,0,0,0,0,0,0,0,0,0,0,0,0,0,3,0,0,0,0,0,0,0,0,0,0,0,0
2,0,0,0,0,0,0,0,0,0,0,0,0,0,0,0,0,0,0,0,0,0,0,0,10,0,0,0,0,0,0,0,0,0,0,0,0,0,0,0,0,0,0,0,0,8,0,0,0,4,0,10,0,2,0,0,0,0,0,0,2,0,0
6,2,2,0,0,0,0,0,0,0,0,0,0,0,0,0,6,0,0,0,0,0,0,4,2,0,0,0,0,0,0,0,0,0,0,0,0,0,0,0,0,0,0,0,0,2,0,0,0,0,0,0,17,0,2,0,0,0,0,0,2,0,0
4,0,0,0,0,0,0,0,0,0,0,0,0,0,0,0,0,0,0,0,0,0,0,0,2,0,0,0,0,0,0,0,0,0,0,0,0,0,0,0,0,0,0,8,0,6,0,2,2,2,0,2,0,19,6,0,0,0,0,0,0,0,0
2,0,0,0,0,0,0,0,0,0,0,0,0,0,0,0,0,0,0,0,0,0,0,0,2,0,0,0,0,0,0,0,0,0,0,0,0,0,2,0,0,0,0,0,0,0,0,2,0,0,0,0,2,6,13,0,0,0,0,0,0,0,0
0,14,0,0,0,0,0,0,0,0,0,0,0,0,0,0,0,0,0,0,0,0,0,0,0,0,0,0,0,0,0,0,0,0,0,0,0,0,0,0,0,0,0,0,0,0,0,0,0,0,0,0,0,0,0,8,0,0,0,0,0,0,0
0,0,0,0,0,0,0,0,0,0,0,0,0,0,0,0,0,0,0,0,0,0,0,0,0,0,0,0,0,0,0,0,0,0,0,0,0,0,0,0,0,0,0,0,0,0,0,0,2,2,0,0,0,0,0,0,1,0,0,0,0,0,0
2,0,0,12,0,0,2,0,0,0,10,0,0,0,0,0,0,0,0,0,0,0,0,0,0,0,0,0,0,0,0,0,0,2,0,20,0,0,0,0,0,0,0,34,12,22,6,2,2,0,0,0,0,0,0,0,0,177,46,0,20,0,0
2,0,0,4,0,0,2,0,0,0,0,0,0,0,0,0,0,0,0,0,0,0,0,0,0,0,2,0,0,0,0,0,0,0,0,6,0,0,0,0,0,0,0,8,0,0,8,0,0,0,0,0,0,0,0,0,0,46,87,0,4,0,0
4,0,0,0,0,0,0,0,0,0,0,0,0,2,0,0,0,0,0,0,0,0,0,0,0,0,0,0,0,0,0,0,2,0,0,2,0,0,0,0,0,0,0,8,0,2,4,0,0,0,0,0,0,0,0,0,0,0,0,19,4,2,0
4,0,0,0,0,0,0,0,0,0,0,0,0,0,0,0,0,0,0,0,0,0,0,6,0,4,0,0,0,0,0,2,0,0,0,40,0,0,0,0,0,0,0,16,4,14,22,0,0,0,0,2,2,0,0,0,0,20,4,4,168,14,0
4,0,6,6,4,0,2,2,0,0,2,0,0,0,0,0,0,0,0,0,0,0,0,0,0,0,0,0,2,2,0,0,0,0,0,0,0,0,0,0,0,0,0,10,6,0,46,0,0,0,0,0,0,0,0,0,0,0,0,2,14,135,0
2,0,0,0,0,0,0,0,0,0,0,0,0,0,0,0,0,0,0,0,0,0,0,0,0,0,0,0,0,0,0,0,0,0,0,0,0,0,0,0,0,0,0,0,0,0,0,0,0,0,0,0,0,0,0,0,0,0,0,0,0,0,1
