MSC00Axx,-0.500000,0.000000,17974
MSC00Bxx,0.500000,0.000000,37912
MSC01Axx,0.000000,0.000000,38893
MSC03Axx,-0.294446,0.232601,8319
MSC03Bxx,-0.211078,-0.001776,32809
MSC03Cxx,0.111229,0.018072,11580
MSC03Dxx,0.107524,-0.210829,12274
MSC03Exx,0.124977,0.299247,19717
MSC03Fxx,-0.039130,-0.185285,8538
MSC03Gxx,-0.299081,-0.150338,7545
MSC03Hxx,0.500000,-0.001684,1921
MSC05Axx,-0.107223,0.113968,17626
MSC05Bxx,-0.183724,-0.110879,22953
MSC05Cxx,-0.107457,-0.335804,78869
MSC05Dxx,0.500000,-0.017338,2313
MSC05Exx,-0.101604,0.350052,6506
MSC06Axx,0.309019,0.304234,7552
MSC06Bxx,-0.000000,0.079726,6145
MSC06Cxx,-0.309019,0.304234,2645
MSC06Dxx,0.000000,-0.121086,4954
MSC06Exx,-0.500000,-0.283560,3805
MSC06Fxx,0.500000,-0.283550,7536
MSC08Axx,-0.398603,-0.315477,7789
MSC08Bxx,-0.101397,0.471383,4731
MSC08Cxx,0.500000,-0.155906,1569
MSC11Axx,0.003083,0.153813,11701
MSC11Bxx,0.011190,0.176358,15036
MSC11Cxx,0.235773,0.140618,1848
MSC11Dxx,0.140235,-0.022630,8368
MSC11Exx,0.000774,-0.207191,6138
MSC11Fxx,-0.123471,-0.168925,12519
MSC11Gxx,0.084806,-0.204497,7461
MSC11Hxx,0.177606,-0.167499,2837
MSC11Jxx,0.001531,0.015589,7012
MSC11Kxx,-0.138927,0.261690,6185
MSC11Lxx,-0.169878,0.058413,3543
MSC11Mxx,-0.202226,-0.036882,7157
MSC11Nxx,-0.102204,0.144718,8074
MSC11Pxx,-0.073146,0.082683,5823
MSC11Rxx,0.016935,-0.084772,15322
MSC11Sxx,-0.128741,-0.249754,4823
MSC11Txx,0.120472,0.175768,6226
MSC11Uxx,0.500000,-0.054132,608
MSC11Yxx,0.129370,0.036427,4283
MSC11Zxx,-0.483197,-0.049801,468
MSC12Dxx,0.263500,-0.078845,2352
MSC12Exx,0.101533,-0.220082,2479
MSC12Fxx,-0.051266,-0.200253,3000
MSC12Gxx,-0.296386,-0.339565,672
MSC12Hxx,0.084533,0.374013,1800
MSC12Jxx,-0.055269,0.011523,2491
MSC12Kxx,-0.479117,0.195957,682
MSC12Lxx,-0.067530,0.235257,972
MSC12Yxx,0.500000,0.022008,1467
MSC13Axx,-0.028910,0.037983,6704
MSC13Bxx,0.008067,0.001191,4486
MSC13Cxx,-0.142488,-0.058285,5808
MSC13Dxx,-0.230004,0.057016,5418
MSC13Exx,-0.145670,-0.120749,2810
MSC13Fxx,-0.021994,0.018714,6911
MSC13Gxx,-0.080393,-0.251493,1498
MSC13Hxx,-0.193376,-0.026499,4115
MSC13Jxx,0.057961,-0.177782,1661
MSC13Lxx,0.387176,-0.267162,282
MSC13Mxx,0.500000,0.221980,305
MSC13Nxx,-0.020348,0.244037,1233
MSC13Pxx,-0.090032,0.321051,2778
MSC14Axx,-0.035820,0.147373,2877
MSC14Bxx,-0.079825,0.067060,3671
MSC14Cxx,-0.034273,-0.100165,8104
MSC14Dxx,-0.123453,-0.077213,4559
MSC14Exx,-0.066665,0.035484,5374
MSC14Fxx,-0.063107,-0.085403,9862
MSC14Gxx,-0.003023,-0.178531,8262
MSC14Hxx,0.024093,-0.091623,13930
MSC14Jxx,-0.053529,-0.039254,11739
MSC14Kxx,-0.094265,-0.227020,3668
MSC14Lxx,-0.207207,-0.023377,5543
MSC14Mxx,0.019300,-0.011991,8638
MSC14Nxx,0.101518,-0.027095,4441
MSC14Pxx,0.141049,0.153161,2749
MSC14Qxx,0.200362,0.147598,1528
MSC14Rxx,-0.225163,0.325064,843
MSC14Txx,0.500000,-0.014072,165
MSC15Axx,0.500000,0.000000,41504
MSC15Bxx,-0.500000,0.000000,2600
MSC16Bxx,0.163604,-0.303994,731
MSC16Dxx,-0.064712,-0.086712,13552
MSC16Exx,0.019240,-0.098800,7399
MSC16Gxx,0.169457,-0.112011,5933
MSC16Hxx,0.123283,0.122051,2032
MSC16Kxx,-0.042064,0.255554,2390
MSC16Lxx,-0.026433,-0.248768,1825
MSC16Nxx,-0.226795,0.017261,5575
MSC16Pxx,-0.067028,-0.031662,7225
MSC16Rxx,-0.205484,0.206580,2993
MSC16Sxx,-0.018743,0.016810,13886
MSC16Txx,0.500000,-0.089258,1275
MSC16Uxx,-0.202829,0.072570,4608
MSC16Wxx,-0.063606,0.079562,12962
MSC16Yxx,-0.405431,-0.123917,3874
MSC16Zxx,0.347541,0.324725,252
MSC17Axx,-0.161080,-0.187122,4703
MSC17Bxx,0.500000,-0.107729,26019
MSC17Cxx,-0.050958,0.458336,2157
MSC17Dxx,-0.287952,-0.163485,1997
MSC18Axx,-0.263106,-0.044257,4577
MSC18Bxx,-0.263135,-0.044226,4837
MSC18Cxx,-0.263149,-0.044330,2102
MSC18Dxx,-0.263077,-0.044285,4429
MSC18Exx,0.433041,-0.161429,3261
MSC18Fxx,0.186450,0.500000,3316
MSC18Gxx,0.432991,-0.161473,4484
MSC19Axx,-0.282743,0.187542,728
MSC19Bxx,-0.288433,0.181516,433
MSC19Cxx,-0.393192,-0.119454,267
MSC19Dxx,-0.001799,-0.051549,1308
MSC19Exx,-0.060668,-0.377518,650
MSC19Fxx,-0.271858,-0.385375,555
MSC19Gxx,-0.090647,0.343232,256
MSC19Jxx,0.169998,0.500000,150
MSC19Kxx,0.447744,0.167198,970
MSC19Lxx,0.287592,-0.089464,576
MSC19Mxx,0.484009,-0.356125,62
MSC20Axx,0.129877,0.240848,1072
MSC20Bxx,-0.178611,0.092911,5971
MSC20Cxx,-0.132680,-0.045777,14319
MSC20Dxx,-0.121050,0.050437,15308
MSC20Exx,-0.017503,-0.050661,16300
MSC20Fxx,-0.059601,-0.037390,19444
MSC20Gxx,-0.141585,-0.163382,11925
MSC20Hxx,-0.115443,-0.253109,5194
MSC20Jxx,0.085776,-0.176894,3318
MSC20Kxx,-0.025352,0.266680,4952
MSC20Lxx,0.500000,-0.140295,717
MSC20Mxx,0.255524,0.014865,14842
MSC20Nxx,0.271685,0.151043,5814
MSC20Pxx,-0.451033,0.050721,417
MSC22Axx,-0.209606,-0.211894,4806
MSC22Bxx,-0.317637,0.285488,591
MSC22Cxx,-0.254203,0.027926,881
MSC22Dxx,0.023228,-0.081535,4481
MSC22Exx,0.258211,-0.269888,21195
MSC22Fxx,0.500000,0.249898,472
MSC28Axx,-0.235366,-0.020895,14869
MSC28Bxx,-0.176470,-0.260789,3580
MSC28Cxx,-0.226199,0.038123,4630
MSC28Dxx,0.160355,0.500000,6058
MSC28Exx,0.477671,-0.256435,1854
MSC30Axx,-0.194248,-0.036661,1011
MSC30Bxx,-0.025427,0.098272,5242
MSC30Cxx,0.034790,-0.022130,23684
MSC30Dxx,-0.030922,0.016264,15568
MSC30Exx,-0.071190,0.068924,9862
MSC30Fxx,0.093803,-0.005522,7292
MSC30Gxx,-0.140787,0.091127,3972
MSC30Hxx,-0.076700,-0.096339,2396
MSC30Jxx,-0.203681,-0.329071,127
MSC30Kxx,0.114371,0.433266,28
MSC30Lxx,0.500000,-0.218128,72
MSC31Axx,-0.072647,0.343004,4891
MSC31Bxx,-0.167937,0.113442,5821
MSC31Cxx,-0.165817,-0.114312,4463
MSC31Dxx,-0.093598,-0.330330,955
MSC31Exx,0.500000,-0.011808,28
MSC32Axx,-0.098898,-0.035724,9635
MSC32Bxx,0.194042,-0.225808,1573
MSC32Cxx,0.065785,-0.059939,3988
MSC32Dxx,-0.108263,-0.126001,1863
MSC32Exx,-0.124781,-0.083044,2138
MSC32Fxx,-0.153753,0.074249,1645
MSC32Gxx,0.221407,0.176111,3971
MSC32Hxx,-0.043768,-0.045384,3050
MSC32Jxx,0.174445,0.156690,2244
MSC32Kxx,0.038157,-0.341358,464
MSC32Lxx,0.080340,0.071894,2457
MSC32Mxx,-0.028781,0.182380,2810
MSC32Nxx,0.051804,0.500000,408
MSC32Pxx,0.436730,-0.174790,302
MSC32Qxx,0.002708,0.137428,3276
MSC32Sxx,0.260056,-0.029875,4644
MSC32Txx,-0.200252,-0.001423,1682
MSC32Uxx,-0.285249,-0.033466,1351
MSC32Vxx,-0.187605,-0.168226,1836
MSC32Wxx,-0.294127,0.026292,1516
MSC33Bxx,-0.326602,0.099006,2785
MSC33Cxx,0.216555,0.419964,18907
MSC33Dxx,0.500000,-0.349869,3294
MSC33Exx,0.046113,0.088329,3726
MSC33Fxx,-0.436070,-0.257427,688
MSC34Axx,-0.054197,-0.061265,37141
MSC34Bxx,-0.191119,-0.079993,23416
MSC34Cxx,0.018860,-0.116961,40085
MSC34Dxx,0.113672,-0.070461,19028
MSC34Exx,-0.114786,-0.141361,9094
MSC34Fxx,0.339383,0.167862,2509
MSC34Gxx,0.041962,0.056512,9130
MSC34Hxx,0.366382,-0.117139,3025
MSC34Kxx,0.100689,-0.207814,23879
MSC34Lxx,-0.302609,-0.074329,10198
MSC34Mxx,-0.328137,0.144946,5062
MSC34Nxx,0.009901,0.500000,576
MSC35Axx,-0.021838,0.017800,27780
MSC35Bxx,-0.106005,-0.046900,58965
MSC35Cxx,-0.125229,0.114417,13098
MSC35Dxx,0.036828,-0.038401,9227
MSC35Exx,0.307050,0.266647,1513
MSC35Fxx,0.147956,0.206143,4860
MSC35Gxx,-0.029140,0.138557,8738
MSC35Hxx,0.500000,-0.298095,836
MSC35Jxx,-0.087385,-0.182727,61325
MSC35Kxx,-0.265380,-0.001103,45769
MSC35Lxx,-0.214989,0.069818,30204
MSC35Mxx,-0.156169,0.325631,3525
MSC35Nxx,0.468000,0.112778,1497
MSC35Pxx,-0.186602,-0.259295,15331
MSC35Qxx,-0.285708,-0.106159,69455
MSC35Rxx,-0.190080,-0.091726,26874
MSC35Sxx,0.208705,-0.227386,5065
MSC37Axx,0.081676,0.083841,7311
MSC37Bxx,0.054593,0.055100,7185
MSC37Cxx,0.016391,-0.030617,13308
MSC37Dxx,-0.039797,-0.006904,16475
MSC37Exx,0.059763,0.008071,4782
MSC37Fxx,0.204039,0.036097,3301
MSC37Gxx,-0.071641,-0.062548,6926
MSC37Hxx,-0.055637,0.224301,1236
MSC37Jxx,-0.077192,-0.166100,14410
MSC37Kxx,-0.176553,-0.215164,13361
MSC37Lxx,-0.206063,0.155005,2660
MSC37Mxx,-0.145661,0.028919,2898
MSC37Nxx,-0.143918,-0.047938,12818
MSC37Pxx,0.500000,-0.062066,171
MSC39Axx,0.500000,0.000000,13693
MSC39Bxx,-0.500000,0.000000,7890
MSC40Axx,0.180191,0.281760,4473
MSC40Bxx,-0.086434,0.432148,422
MSC40Cxx,0.093884,-0.025862,1760
MSC40Dxx,-0.085964,-0.200802,1113
MSC40Exx,-0.383570,0.106205,911
MSC40Fxx,-0.235188,-0.253517,965
MSC40Gxx,-0.189195,-0.034763,2886
MSC40Hxx,0.206285,-0.336632,511
MSC40Jxx,0.500000,0.031452,345
MSC41Axx,0.000000,0.000000,44123
MSC42Axx,-0.084782,0.500000,15947
MSC42Bxx,-0.402034,-0.321538,12127
MSC42Cxx,0.486816,-0.178462,16044
MSC43Axx,0.000000,0.000000,13842
MSC44Axx,0.000000,0.000000,12029
MSC45Axx,-0.030866,0.206701,935
MSC45Bxx,-0.038826,0.126047,3325
MSC45Cxx,-0.124782,0.120340,982
MSC45Dxx,-0.007874,-0.032784,3256
MSC45Exx,-0.189005,-0.017159,6997
MSC45Fxx,-0.228478,-0.128831,1440
MSC45Gxx,0.062961,-0.083897,5753
MSC45Hxx,-0.318008,0.076884,812
MSC45Jxx,0.018125,-0.169346,5000
MSC45Kxx,0.196617,-0.058094,5346
MSC45Lxx,-0.077903,-0.072686,1656
MSC45Mxx,0.006849,-0.101117,2717
MSC45Nxx,0.098908,-0.136697,1594
MSC45Pxx,-0.160544,0.075351,1716
MSC45Qxx,0.292823,0.190261,312
MSC45Rxx,0.500000,0.005026,99
MSC46Axx,0.032647,-0.078272,15972
MSC46Bxx,-0.000000,-0.137153,18746
MSC46Cxx,-0.044558,0.197792,4071
MSC46Exx,0.070047,-0.206405,27280
MSC46Fxx,0.300292,-0.125292,7363
MSC46Gxx,0.126058,-0.062447,7335
MSC46Hxx,-0.242819,-0.057092,5730
MSC46Jxx,-0.207929,-0.188412,6572
MSC46Kxx,-0.411706,0.092044,1368
MSC46Lxx,-0.254078,0.155894,18341
MSC46Mxx,-0.146350,-0.071071,5343
MSC46Nxx,0.072974,0.251442,4990
MSC46Sxx,0.205438,0.161077,2370
MSC46Txx,0.500000,0.067896,559
MSC47Axx,0.138719,0.030253,34271
MSC47Bxx,0.178251,-0.042535,30218
MSC47Cxx,0.500000,0.030885,1124
MSC47Dxx,0.043221,0.034796,9361
MSC47Exx,0.023528,0.314040,4479
MSC47Fxx,0.035519,0.202431,4783
MSC47Gxx,0.087898,-0.207561,6527
MSC47Hxx,-0.367616,-0.092742,23008
MSC47Jxx,-0.353894,-0.194722,15033
MSC47Lxx,0.294857,-0.142815,6006
MSC47Nxx,-0.150818,-0.149140,7951
MSC47Sxx,-0.429659,0.217110,743
MSC49Jxx,-0.111330,0.019887,29101
MSC49Kxx,-0.178591,-0.034605,14462
MSC49Lxx,-0.173821,-0.190351,4885
MSC49Mxx,-0.053632,-0.035615,11174
MSC49Nxx,-0.268903,0.021748,9134
MSC49Qxx,-0.052893,0.227703,5158
MSC49Rxx,0.500000,-0.112526,1052
MSC49Sxx,0.339166,0.103761,2889
MSC51Axx,-0.120658,-0.096037,4225
MSC51Bxx,-0.010120,-0.058699,1149
MSC51Cxx,-0.307643,-0.119360,329
MSC51Dxx,-0.270415,-0.256811,598
MSC51Exx,-0.065899,-0.267905,7372
MSC51Fxx,0.081156,0.014479,2048
MSC51Gxx,-0.149095,0.197994,228
MSC51Hxx,-0.239735,0.080792,657
MSC51Jxx,-0.246971,0.327487,170
MSC51Kxx,0.412832,-0.141172,708
MSC51Lxx,0.136754,0.500000,93
MSC51Mxx,0.211615,-0.088672,8048
MSC51Nxx,0.194436,-0.198991,4305
MSC51Pxx,0.373730,0.106891,212
MSC52Axx,-0.084833,0.500000,12069
MSC52Bxx,-0.395087,-0.322716,6761
MSC52Cxx,0.479922,-0.177284,6926
MSC53Axx,-0.353119,-0.105646,18805
MSC53Bxx,-0.173006,-0.077966,16287
MSC53Cxx,-0.236840,0.034655,53452
MSC53Dxx,0.264670,0.500000,9522
MSC53Zxx,0.498303,-0.351040,5188
MSC55Mxx,0.500000,0.037129,4342
MSC55Nxx,0.113640,0.077811,6053
MSC55Pxx,0.053730,-0.020377,8248
MSC55Qxx,-0.132209,0.028383,3320
MSC55Rxx,0.084046,-0.233860,5973
MSC55Sxx,-0.209499,-0.205345,2453
MSC55Txx,-0.254709,-0.031042,1492
MSC55Uxx,-0.155001,0.347301,2170
MSC57Mxx,-0.192037,-0.059540,15641
MSC57Nxx,-0.106145,-0.024455,10145
MSC57Pxx,0.124172,0.471921,615
MSC57Qxx,-0.169058,0.014376,4202
MSC57Rxx,-0.118705,-0.101935,16733
MSC57Sxx,-0.038225,-0.126127,5889
MSC57Txx,0.500000,-0.174241,1948
MSC58Axx,-0.083646,0.125354,7801
MSC58Bxx,0.006195,-0.301024,3361
MSC58Cxx,-0.230361,-0.004821,5836
MSC58Dxx,0.155240,-0.165432,4368
MSC58Exx,-0.213654,-0.192535,10570
MSC58Hxx,0.175782,0.436132,1214
MSC58Jxx,0.100074,0.049694,18232
MSC58Kxx,-0.409624,0.123306,2961
MSC58Zxx,0.500000,-0.070679,2200
MSC60Axx,-0.429262,0.462916,3656
MSC60Bxx,0.011543,0.294554,9897
MSC60Cxx,-0.473104,-0.182698,3990
MSC60Dxx,-0.312811,-0.414634,3439
MSC60Exx,-0.124124,0.047236,14946
MSC60Fxx,0.058884,-0.042171,28210
MSC60Gxx,0.180047,0.009823,44229
MSC60Hxx,0.500000,0.159919,25599
MSC60Jxx,0.311220,-0.036434,37767
MSC60Kxx,0.277598,-0.298495,30938
MSC62Axx,-0.388187,0.058779,3298
MSC62Bxx,-0.337367,-0.070420,4301
MSC62Cxx,-0.217722,0.074299,7525
MSC62Dxx,-0.188227,-0.309934,4873
MSC62Exx,0.074403,-0.136647,19247
MSC62Fxx,-0.004024,0.017430,35933
MSC62Gxx,0.084704,-0.090095,31070
MSC62Hxx,-0.011121,-0.043963,27913
MSC62Jxx,0.033449,0.072107,22389
MSC62Kxx,0.144112,0.312613,8053
MSC62Lxx,-0.123868,0.259783,6661
MSC62Mxx,0.122064,0.072022,27325
MSC62Nxx,0.186762,-0.175376,12232
MSC62Pxx,0.125020,-0.008691,38685
MSC62Qxx,0.500000,-0.031915,1340
MSC65Axx,0.500000,-0.113050,401
MSC65Bxx,0.165463,0.190274,1775
MSC65Cxx,-0.112219,-0.249550,31841
MSC65Dxx,0.095936,-0.044869,26396
MSC65Exx,0.261225,0.116691,1188
MSC65Fxx,-0.065037,-0.015943,29428
MSC65Gxx,0.039764,0.121253,4949
MSC65Hxx,0.039049,0.057149,10744
MSC65Jxx,-0.107437,0.135169,9636
MSC65Kxx,-0.002544,-0.241896,24038
MSC65Lxx,-0.150106,0.060086,22848
MSC65Mxx,-0.249830,-0.054437,26691
MSC65Nxx,-0.139571,-0.100284,37837
MSC65Pxx,-0.435582,0.241316,1863
MSC65Qxx,0.036715,0.335127,1171
MSC65Rxx,-0.055845,-0.144974,12726
MSC65Sxx,0.488375,0.003814,460
MSC65Txx,0.039787,-0.098415,6873
MSC65Yxx,-0.107567,-0.019855,12198
MSC65Zxx,-0.240576,-0.177608,7225
MSC68Mxx,0.044352,0.419746,29530
MSC68Nxx,-0.121826,-0.261254,35970
MSC68Pxx,-0.083591,0.098489,29231
MSC68Qxx,0.103369,-0.279150,83620
MSC68Rxx,0.500000,-0.046238,20900
MSC68Txx,-0.377924,-0.141140,75121
MSC68Uxx,-0.337324,0.165129,48592
MSC68Wxx,0.272941,0.044420,32875
MSC70Axx,-0.455733,0.067994,639
MSC70Bxx,0.170297,-0.166590,5307
MSC70Cxx,-0.317707,-0.274765,496
MSC70Exx,0.084199,-0.097351,7853
MSC70Fxx,-0.066356,-0.017841,11563
MSC70Gxx,-0.115580,0.187355,3405
MSC70Hxx,-0.057779,0.141541,11270
MSC70Jxx,0.208907,0.189093,2761
MSC70Kxx,0.197545,0.085848,8970
MSC70Lxx,0.500000,0.163075,1372
MSC70Mxx,-0.036919,-0.169471,2684
MSC70Pxx,-0.050703,-0.428552,456
MSC70Qxx,0.239738,-0.113429,4165
MSC70Sxx,-0.299910,0.433086,1397
MSC74Axx,-0.006061,0.062378,19193
MSC74Bxx,-0.157910,-0.012537,18936
MSC74Cxx,-0.209220,-0.055360,12114
MSC74Dxx,-0.222066,0.149216,4963
MSC74Exx,0.044495,-0.058894,20002
MSC74Fxx,0.110885,0.019745,17716
MSC74Gxx,0.008970,-0.133647,14312
MSC74Hxx,-0.116427,0.065757,24994
MSC74Jxx,0.043222,0.242785,10946
MSC74Kxx,-0.101228,-0.130635,40773
MSC74Lxx,-0.054495,0.308754,5482
MSC74Mxx,0.000167,0.032891,13364
MSC74Nxx,0.500000,0.153108,1462
MSC74Pxx,-0.067729,-0.305209,6189
MSC74Qxx,0.337946,-0.236562,2247
MSC74Rxx,-0.042953,-0.073974,14468
MSC74Sxx,-0.067600,-0.027810,40324
MSC76Axx,-0.332055,0.097431,12368
MSC76Bxx,-0.027144,-0.217185,21748
MSC76Dxx,-0.206141,-0.138271,32668
MSC76Exx,-0.106835,0.069997,15471
MSC76Fxx,-0.007508,-0.081567,14861
MSC76Gxx,0.296100,-0.276308,2298
MSC76Hxx,0.385946,-0.205147,2338
MSC76Jxx,0.360960,-0.083482,2453
MSC76Kxx,0.466248,0.063260,1199
MSC76Lxx,0.207229,0.068552,6026
MSC76Mxx,-0.036179,-0.044287,51559
MSC76Nxx,0.146053,-0.028403,13369
MSC76Pxx,0.228896,0.281361,4987
MSC76Qxx,0.074595,-0.308635,7487
MSC76Rxx,-0.296090,0.015115,12879
MSC76Sxx,-0.357772,-0.041012,13659
MSC76Txx,-0.137784,-0.036276,14486
MSC76Uxx,-0.203806,0.117420,6098
MSC76Vxx,0.026804,0.049902,5004
MSC76Wxx,-0.162188,0.199719,10847
MSC76Xxx,0.038091,0.327864,6259
MSC76Yxx,0.027400,0.500000,2177
MSC76Zxx,-0.384821,-0.330049,2894
MSC78Axx,0.500000,0.000000,23645
MSC78Mxx,-0.500000,0.000000,5520
MSC80Axx,0.500000,0.000000,30614
MSC80Mxx,-0.500000,0.000000,2871
MSC81Pxx,-0.434955,-0.355293,16263
MSC81Qxx,0.059594,-0.194159,20558
MSC81Rxx,0.045502,0.332121,18635
MSC81Sxx,-0.400935,0.117452,9178
MSC81Txx,0.138846,0.383807,38228
MSC81Uxx,0.500000,-0.338602,5923
MSC81Vxx,0.091947,0.054672,21009
MSC82Bxx,-0.415348,-0.318793,23269
MSC82Cxx,0.499242,-0.181197,16945
MSC82Dxx,-0.083898,0.500000,20317
MSC83Axx,0.500000,-0.417795,2197
MSC83Bxx,0.469407,0.433928,1453
MSC83Cxx,-0.219617,0.038821,29822
MSC83Dxx,-0.215595,-0.073135,5024
MSC83Exx,-0.314570,-0.020641,11290
MSC83Fxx,-0.219626,0.038825,9444
MSC85Axx,0.000000,0.000000,9287
MSC86Axx,0.000000,0.000000,15544
MSC90Bxx,0.500000,0.000000,76643
MSC90Cxx,-0.500000,0.000000,100426
MSC91Axx,0.115958,-0.206607,28985
MSC91Bxx,0.200039,0.057163,67279
MSC91Cxx,-0.357978,0.013607,1043
MSC91Dxx,-0.057378,0.018309,3926
MSC91Exx,-0.239058,-0.166034,3348
MSC91Fxx,-0.161570,0.246424,1506
MSC91Gxx,0.500000,0.037134,5312
MSC92Bxx,-0.273444,0.113856,11577
MSC92Cxx,-0.245003,-0.107204,29999
MSC92Dxx,-0.447481,-0.025389,28296
MSC92Exx,0.500000,-0.446773,4863
MSC92Fxx,0.465928,0.465511,736
MSC93Axx,0.206433,0.500000,12657
MSC93Bxx,-0.201135,-0.090858,50391
MSC93Cxx,-0.201108,-0.090840,75313
MSC93Dxx,-0.289965,-0.019158,24396
MSC93Exx,0.485775,-0.299144,30254
MSC94Axx,-0.237771,-0.135888,48091
MSC94Bxx,-0.325798,-0.137183,12484
MSC94Cxx,0.063561,0.489282,15532
MSC94Dxx,0.500000,-0.216202,1963
MSC97Axx,-0.220227,-0.181469,484
MSC97Bxx,-0.035041,-0.321812,244
MSC97Cxx,-0.079033,-0.328513,304
MSC97Dxx,-0.034987,-0.185593,427
MSC97Exx,0.066488,-0.064718,130
MSC97Fxx,-0.261779,0.089867,160
MSC97Gxx,-0.237761,0.054355,201
MSC97Hxx,-0.364154,0.134882,137
MSC97Ixx,-0.185905,0.188561,245
MSC97Kxx,-0.088296,0.149804,262
MSC97Mxx,0.038308,0.256206,381
MSC97Nxx,0.099024,0.400594,67
MSC97Pxx,0.334077,0.069814,24
MSC97Qxx,0.500000,0.052966,23
MSC97Rxx,0.385811,-0.061328,24
MSC97Uxx,0.083487,-0.253620,702
MSC00-XX,0.015998,0.016218,55266
MSC01-XX,0.069325,0.019681,39495
MSC03-XX,0.223972,0.229950,84763
MSC05-XX,0.174173,0.185284,120017
MSC06-XX,0.343022,0.187241,27604
MSC08-XX,0.500000,0.240601,12015
MSC11-XX,0.221962,-0.018400,98884
MSC12-XX,0.340006,0.045733,14696
MSC13-XX,0.383111,0.026807,26940
MSC14-XX,0.270627,-0.145045,58708
MSC15-XX,0.090717,0.070256,44619
MSC16-XX,0.404049,-0.090169,46624
MSC17-XX,0.233244,-0.244044,32436
MSC18-XX,0.425221,-0.049016,20769
MSC19-XX,0.478538,-0.278102,5123
MSC20-XX,0.293800,-0.060451,86903
MSC22-XX,0.145173,-0.193582,30472
MSC26-XX,-0.015119,0.122984,37651
MSC28-XX,0.018381,0.128941,28986
MSC30-XX,0.009009,-0.140564,61669
MSC31-XX,-0.212509,-0.304237,14799
MSC32-XX,0.148841,-0.278220,36028
MSC33-XX,-0.092488,-0.170719,27506
MSC34-XX,-0.180643,-0.018034,135569
MSC35-XX,-0.216968,-0.112740,235136
MSC37-XX,-0.061811,-0.087122,82907
MSC39-XX,-0.037939,0.073447,21471
MSC40-XX,0.070298,0.391537,10394
MSC41-XX,-0.161234,0.132662,44878
MSC42-XX,-0.182397,0.039444,41475
MSC43-XX,0.089832,-0.316791,14197
MSC44-XX,-0.277846,-0.035288,12232
MSC45-XX,-0.355094,-0.067640,30590
MSC46-XX,0.057308,-0.070318,99709
MSC47-XX,-0.092803,-0.042786,108913
MSC49-XX,-0.261046,0.079887,63594
MSC51-XX,0.248685,0.058696,26079
MSC52-XX,0.178846,0.101909,23707
MSC53-XX,0.020343,-0.248642,90132
MSC54-XX,0.233842,0.138565,59453
MSC55-XX,0.317144,-0.190609,25076
MSC57-XX,0.224625,-0.209643,43116
MSC58-XX,0.016844,-0.205548,51284
MSC60-XX,-0.120268,0.162069,152775
MSC62-XX,-0.229458,0.301734,166407
MSC65-XX,-0.203195,0.086275,219761
MSC68-XX,0.054770,0.262019,269997
MSC70-XX,-0.188845,-0.197923,50187
MSC74-XX,-0.398477,0.039846,140554
MSC76-XX,-0.437123,-0.081149,177072
MSC78-XX,-0.328425,-0.159727,26132
MSC80-XX,-0.463589,-0.047770,31626
MSC81-XX,-0.004783,-0.170056,104124
MSC82-XX,-0.180386,-0.123252,55166
MSC83-XX,-0.063647,-0.367691,44438
MSC85-XX,-0.444886,-0.260073,10413
MSC86-XX,-0.482720,0.092848,16109
MSC90-XX,-0.138019,0.324533,158151
MSC91-XX,-0.122578,0.364611,101134
MSC92-XX,-0.244365,0.182386,71966
MSC93-XX,-0.176216,0.183712,124838
MSC94-XX,-0.029069,0.216883,75659
MSC97-XX,0.102265,0.478603,3582
