23,59,38,28,26,27,93,31,28,28,26,39,33,25,23,42,32,30,26,30,25,26,24,38,42,26,24,26,25,29,27,23,30,33,29,24,31,23,37,35,31,25,24,38,31,33,24,32,30,31,26,25,38,23,25,24,23,38,26,24,25,26,23
59,36,51,41,39,40,106,44,41,41,39,52,46,38,36,55,45,43,39,43,38,39,37,51,55,39,37,39,38,42,40,36,43,46,42,37,44,36,50,48,44,38,37,51,44,46,37,45,43,44,39,38,51,36,38,37,36,51,39,37,38,39,36
38,51,15,20,18,19,85,23,20,20,18,31,25,17,15,34,24,22,18,22,17,18,16,30,34,18,16,18,17,21,19,15,22,25,21,16,23,15,29,27,23,17,16,30,23,25,16,24,22,23,18,17,30,15,17,16,15,30,18,16,17,18,15
28,41,20,5,8,9,75,13,10,10,8,21,15,7,5,24,14,12,8,12,7,8,6,20,24,8,6,8,7,11,9,5,12,15,11,6,13,5,19,17,13,7,6,20,13,15,6,14,12,13,8,7,20,5,7,6,5,20,8,6,7,8,5
26,39,18,8,3,7,73,11,8,8,6,19,13,5,3,22,12,10,6,10,5,6,4,18,22,6,4,6,5,9,7,3,10,13,9,4,11,3,17,15,11,5,4,18,11,13,4,12,10,11,6,5,18,3,5,4,3,18,6,4,5,6,3
27,40,19,9,7,4,74,12,9,9,7,20,14,6,4,23,13,11,7,11,6,7,5,19,23,7,5,7,6,10,8,4,11,14,10,5,12,4,18,16,12,6,5,19,12,14,5,13,11,12,7,6,19,4,6,5,4,19,7,5,6,7,4
93,106,85,75,73,74,70,78,75,75,73,86,80,72,70,89,79,77,73,77,72,73,71,85,89,73,71,73,72,76,74,70,77,80,76,71,78,70,84,82,78,72,71,85,78,80,71,79,77,78,73,72,85,70,72,71,70,85,73,71,72,73,70
31,44,23,13,11,12,78,8,13,13,11,24,18,10,8,27,17,15,11,15,10,11,9,23,27,11,9,11,10,14,12,8,15,18,14,9,16,8,22,20,16,10,9,23,16,18,9,17,15,16,11,10,23,8,10,9,8,23,11,9,10,11,8
28,41,20,10,8,9,75,13,5,10,8,21,15,7,5,24,14,12,8,12,7,8,6,20,24,8,6,8,7,11,9,5,12,15,11,6,13,5,19,17,13,7,6,20,13,15,6,14,12,13,8,7,20,5,7,6,5,20,8,6,7,8,5
28,41,20,10,8,9,75,13,10,5,8,21,15,7,5,24,14,12,8,12,7,8,6,20,24,8,6,8,7,11,9,5,12,15,11,6,13,5,19,17,13,7,6,20,13,15,6,14,12,13,8,7,20,5,7,6,5,20,8,6,7,8,5
26,39,18,8,6,7,73,11,8,8,3,19,13,5,3,22,12,10,6,10,5,6,4,18,22,6,4,6,5,9,7,3,10,13,9,4,11,3,17,15,11,5,4,18,11,13,4,12,10,11,6,5,18,3,5,4,3,18,6,4,5,6,3
39,52,31,21,19,20,86,24,21,21,19,16,26,18,16,35,25,23,19,23,18,19,17,31,35,19,17,19,18,22,20,16,23,26,22,17,24,16,30,28,24,18,17,31,24,26,17,25,23,24,19,18,31,16,18,17,16,31,19,17,18,19,16
33,46,25,15,13,14,80,18,15,15,13,26,10,12,10,29,19,17,13,17,12,13,11,25,29,13,11,13,12,16,14,10,17,20,16,11,18,10,24,22,18,12,11,25,18,20,11,19,17,18,13,12,25,10,12,11,10,25,13,11,12,13,10
25,38,17,7,5,6,72,10,7,7,5,18,12,2,2,21,11,9,5,9,4,5,3,17,21,5,3,5,4,8,6,2,9,12,8,3,10,2,16,14,10,4,3,17,10,12,3,11,9,10,5,4,17,2,4,3,2,17,5,3,4,5,2
23,36,15,5,3,4,70,8,5,5,3,16,10,2,0,19,9,7,3,7,2,3,1,15,19,3,1,3,2,6,4,0,7,10,6,1,8,0,14,12,8,2,1,15,8,10,1,9,7,8,3,2,15,0,2,1,0,15,3,1,2,3,0
42,55,34,24,22,23,89,27,24,24,22,35,29,21,19,19,28,26,22,26,21,22,20,34,38,22,20,22,21,25,23,19,26,29,25,20,27,19,33,31,27,21,20,34,27,29,20,28,26,27,22,21,34,19,21,20,19,34,22,20,21,22,19
32,45,24,14,12,13,79,17,14,14,12,25,19,11,9,28,9,16,12,16,11,12,10,24,28,12,10,12,11,15,13,9,16,19,15,10,17,9,23,21,17,11,10,24,17,19,10,18,16,17,12,11,24,9,11,10,9,24,12,10,11,12,9
30,43,22,12,10,11,77,15,12,12,10,23,17,9,7,26,16,7,10,14,9,10,8,22,26,10,8,10,9,13,11,7,14,17,13,8,15,7,21,19,15,9,8,22,15,17,8,16,14,15,10,9,22,7,9,8,7,22,10,8,9,10,7
26,39,18,8,6,7,73,11,8,8,6,19,13,5,3,22,12,10,3,10,5,6,4,18,22,6,4,6,5,9,7,3,10,13,9,4,11,3,17,15,11,5,4,18,11,13,4,12,10,11,6,5,18,3,5,4,3,18,6,4,5,6,3
30,43,22,12,10,11,77,15,12,12,10,23,17,9,7,26,16,14,10,7,9,10,8,22,26,10,8,10,9,13,11,7,14,17,13,8,15,7,21,19,15,9,8,22,15,17,8,16,14,15,10,9,22,7,9,8,7,22,10,8,9,10,7
25,38,17,7,5,6,72,10,7,7,5,18,12,4,2,21,11,9,5,9,2,5,3,17,21,5,3,5,4,8,6,2,9,12,8,3,10,2,16,14,10,4,3,17,10,12,3,11,9,10,5,4,17,2,4,3,2,17,5,3,4,5,2
26,39,18,8,6,7,73,11,8,8,6,19,13,5,3,22,12,10,6,10,5,3,4,18,22,6,4,6,5,9,7,3,10,13,9,4,11,3,17,15,11,5,4,18,11,13,4,12,10,11,6,5,18,3,5,4,3,18,6,4,5,6,3
24,37,16,6,4,5,71,9,6,6,4,17,11,3,1,20,10,8,4,8,3,4,1,16,20,4,2,4,3,7,5,1,8,11,7,2,9,1,15,13,9,3,2,16,9,11,2,10,8,9,4,3,16,1,3,2,1,16,4,2,3,4,1
38,51,30,20,18,19,85,23,20,20,18,31,25,17,15,34,24,22,18,22,17,18,16,15,34,18,16,18,17,21,19,15,22,25,21,16,23,15,29,27,23,17,16,30,23,25,16,24,22,23,18,17,30,15,17,16,15,30,18,16,17,18,15
42,55,34,24,22,23,89,27,24,24,22,35,29,21,19,38,28,26,22,26,21,22,20,34,19,22,20,22,21,25,23,19,26,29,25,20,27,19,33,31,27,21,20,34,27,29,20,28,26,27,22,21,34,19,21,20,19,34,22,20,21,22,19
26,39,18,8,6,7,73,11,8,8,6,19,13,5,3,22,12,10,6,10,5,6,4,18,22,3,4,6,5,9,7,3,10,13,9,4,11,3,17,15,11,5,4,18,11,13,4,12,10,11,6,5,18,3,5,4,3,18,6,4,5,6,3
24,37,16,6,4,5,71,9,6,6,4,17,11,3,1,20,10,8,4,8,3,4,2,16,20,4,1,4,3,7,5,1,8,11,7,2,9,1,15,13,9,3,2,16,9,11,2,10,8,9,4,3,16,1,3,2,1,16,4,2,3,4,1
26,39,18,8,6,7,73,11,8,8,6,19,13,5,3,22,12,10,6,10,5,6,4,18,22,6,4,3,5,9,7,3,10,13,9,4,11,3,17,15,11,5,4,18,11,13,4,12,10,11,6,5,18,3,5,4,3,18,6,4,5,6,3
25,38,17,7,5,6,72,10,7,7,5,18,12,4,2,21,11,9,5,9,4,5,3,17,21,5,3,5,2,8,6,2,9,12,8,3,10,2,16,14,10,4,3,17,10,12,3,11,9,10,5,4,17,2,4,3,2,17,5,3,4,5,2
29,42,21,11,9,10,76,14,11,11,9,22,16,8,6,25,15,13,9,13,8,9,7,21,25,9,7,9,8,6,10,6,13,16,12,7,14,6,20,18,14,8,7,21,14,16,7,15,13,14,9,8,21,6,8,7,6,21,9,7,8,9,6
27,40,19,9,7,8,74,12,9,9,7,20,14,6,4,23,13,11,7,11,6,7,5,19,23,7,5,7,6,10,4,4,11,14,10,5,12,4,18,16,12,6,5,19,12,14,5,13,11,12,7,6,19,4,6,5,4,19,7,5,6,7,4
23,36,15,5,3,4,70,8,5,5,3,16,10,2,0,19,9,7,3,7,2,3,1,15,19,3,1,3,2,6,4,0,7,10,6,1,8,0,14,12,8,2,1,15,8,10,1,9,7,8,3,2,15,0,2,1,0,15,3,1,2,3,0
30,43,22,12,10,11,77,15,12,12,10,23,17,9,7,26,16,14,10,14,9,10,8,22,26,10,8,10,9,13,11,7,7,17,13,8,15,7,21,19,15,9,8,22,15,17,8,16,14,15,10,9,22,7,9,8,7,22,10,8,9,10,7
33,46,25,15,13,14,80,18,15,15,13,26,20,12,10,29,19,17,13,17,12,13,11,25,29,13,11,13,12,16,14,10,17,10,16,11,18,10,24,22,18,12,11,25,18,20,11,19,17,18,13,12,25,10,12,11,10,25,13,11,12,13,10
29,42,21,11,9,10,76,14,11,11,9,22,16,8,6,25,15,13,9,13,8,9,7,21,25,9,7,9,8,12,10,6,13,16,6,7,14,6,20,18,14,8,7,21,14,16,7,15,13,14,9,8,21,6,8,7,6,21,9,7,8,9,6
24,37,16,6,4,5,71,9,6,6,4,17,11,3,1,20,10,8,4,8,3,4,2,16,20,4,2,4,3,7,5,1,8,11,7,1,9,1,15,13,9,3,2,16,9,11,2,10,8,9,4,3,16,1,3,2,1,16,4,2,3,4,1
31,44,23,13,11,12,78,16,13,13,11,24,18,10,8,27,17,15,11,15,10,11,9,23,27,11,9,11,10,14,12,8,15,18,14,9,8,8,22,20,16,10,9,23,16,18,9,17,15,16,11,10,23,8,10,9,8,23,11,9,10,11,8
23,36,15,5,3,4,70,8,5,5,3,16,10,2,0,19,9,7,3,7,2,3,1,15,19,3,1,3,2,6,4,0,7,10,6,1,8,0,14,12,8,2,1,15,8,10,1,9,7,8,3,2,15,0,2,1,0,15,3,1,2,3,0
37,50,29,19,17,18,84,22,19,19,17,30,24,16,14,33,23,21,17,21,16,17,15,29,33,17,15,17,16,20,18,14,21,24,20,15,22,14,14,26,22,16,15,29,22,24,15,23,21,22,17,16,29,14,16,15,14,29,17,15,16,17,14
35,48,27,17,15,16,82,20,17,17,15,28,22,14,12,31,21,19,15,19,14,15,13,27,31,15,13,15,14,18,16,12,19,22,18,13,20,12,26,12,20,14,13,27,20,22,13,21,19,20,15,14,27,12,14,13,12,27,15,13,14,15,12
31,44,23,13,11,12,78,16,13,13,11,24,18,10,8,27,17,15,11,15,10,11,9,23,27,11,9,11,10,14,12,8,15,18,14,9,16,8,22,20,8,10,9,23,16,18,9,17,15,16,11,10,23,8,10,9,8,23,11,9,10,11,8
25,38,17,7,5,6,72,10,7,7,5,18,12,4,2,21,11,9,5,9,4,5,3,17,21,5,3,5,4,8,6,2,9,12,8,3,10,2,16,14,10,2,3,17,10,12,3,11,9,10,5,4,17,2,4,3,2,17,5,3,4,5,2
24,37,16,6,4,5,71,9,6,6,4,17,11,3,1,20,10,8,4,8,3,4,2,16,20,4,2,4,3,7,5,1,8,11,7,2,9,1,15,13,9,3,1,16,9,11,2,10,8,9,4,3,16,1,3,2,1,16,4,2,3,4,1
38,51,30,20,18,19,85,23,20,20,18,31,25,17,15,34,24,22,18,22,17,18,16,30,34,18,16,18,17,21,19,15,22,25,21,16,23,15,29,27,23,17,16,15,23,25,16,24,22,23,18,17,30,15,17,16,15,30,18,16,17,18,15
31,44,23,13,11,12,78,16,13,13,11,24,18,10,8,27,17,15,11,15,10,11,9,23,27,11,9,11,10,14,12,8,15,18,14,9,16,8,22,20,16,10,9,23,8,18,9,17,15,16,11,10,23,8,10,9,8,23,11,9,10,11,8
33,46,25,15,13,14,80,18,15,15,13,26,20,12,10,29,19,17,13,17,12,13,11,25,29,13,11,13,12,16,14,10,17,20,16,11,18,10,24,22,18,12,11,25,18,10,11,19,17,18,13,12,25,10,12,11,10,25,13,11,12,13,10
24,37,16,6,4,5,71,9,6,6,4,17,11,3,1,20,10,8,4,8,3,4,2,16,20,4,2,4,3,7,5,1,8,11,7,2,9,1,15,13,9,3,2,16,9,11,1,10,8,9,4,3,16,1,3,2,1,16,4,2,3,4,1
32,45,24,14,12,13,79,17,14,14,12,25,19,11,9,28,18,16,12,16,11,12,10,24,28,12,10,12,11,15,13,9,16,19,15,10,17,9,23,21,17,11,10,24,17,19,10,9,16,17,12,11,24,9,11,10,9,24,12,10,11,12,9
30,43,22,12,10,11,77,15,12,12,10,23,17,9,7,26,16,14,10,14,9,10,8,22,26,10,8,10,9,13,11,7,14,17,13,8,15,7,21,19,15,9,8,22,15,17,8,16,7,15,10,9,22,7,9,8,7,22,10,8,9,10,7
31,44,23,13,11,12,78,16,13,13,11,24,18,10,8,27,17,15,11,15,10,11,9,23,27,11,9,11,10,14,12,8,15,18,14,9,16,8,22,20,16,10,9,23,16,18,9,17,15,8,11,10,23,8,10,9,8,23,11,9,10,11,8
26,39,18,8,6,7,73,11,8,8,6,19,13,5,3,22,12,10,6,10,5,6,4,18,22,6,4,6,5,9,7,3,10,13,9,4,11,3,17,15,11,5,4,18,11,13,4,12,10,11,3,5,18,3,5,4,3,18,6,4,5,6,3
25,38,17,7,5,6,72,10,7,7,5,18,12,4,2,21,11,9,5,9,4,5,3,17,21,5,3,5,4,8,6,2,9,12,8,3,10,2,16,14,10,4,3,17,10,12,3,11,9,10,5,2,17,2,4,3,2,17,5,3,4,5,2
38,51,30,20,18,19,85,23,20,20,18,31,25,17,15,34,24,22,18,22,17,18,16,30,34,18,16,18,17,21,19,15,22,25,21,16,23,15,29,27,23,17,16,30,23,25,16,24,22,23,18,17,15,15,17,16,15,30,18,16,17,18,15
23,36,15,5,3,4,70,8,5,5,3,16,10,2,0,19,9,7,3,7,2,3,1,15,19,3,1,3,2,6,4,0,7,10,6,1,8,0,14,12,8,2,1,15,8,10,1,9,7,8,3,2,15,0,2,1,0,15,3,1,2,3,0
25,38,17,7,5,6,72,10,7,7,5,18,12,4,2,21,11,9,5,9,4,5,3,17,21,5,3,5,4,8,6,2,9,12,8,3,10,2,16,14,10,4,3,17,10,12,3,11,9,10,5,4,17,2,2,3,2,17,5,3,4,5,2
24,37,16,6,4,5,71,9,6,6,4,17,11,3,1,20,10,8,4,8,3,4,2,16,20,4,2,4,3,7,5,1,8,11,7,2,9,1,15,13,9,3,2,16,9,11,2,10,8,9,4,3,16,1,3,1,1,16,4,2,3,4,1
23,36,15,5,3,4,70,8,5,5,3,16,10,2,0,19,9,7,3,7,2,3,1,15,19,3,1,3,2,6,4,0,7,10,6,1,8,0,14,12,8,2,1,15,8,10,1,9,7,8,3,2,15,0,2,1,0,15,3,1,2,3,0
38,51,30,20,18,19,85,23,20,20,18,31,25,17,15,34,24,22,18,22,17,18,16,30,34,18,16,18,17,21,19,15,22,25,21,16,23,15,29,27,23,17,16,30,23,25,16,24,22,23,18,17,30,15,17,16,15,15,18,16,17,18,15
26,39,18,8,6,7,73,11,8,8,6,19,13,5,3,22,12,10,6,10,5,6,4,18,22,6,4,6,5,9,7,3,10,13,9,4,11,3,17,15,11,5,4,18,11,13,4,12,10,11,6,5,18,3,5,4,3,18,3,4,5,6,3
24,37,16,6,4,5,71,9,6,6,4,17,11,3,1,20,10,8,4,8,3,4,2,16,20,4,2,4,3,7,5,1,8,11,7,2,9,1,15,13,9,3,2,16,9,11,2,10,8,9,4,3,16,1,3,2,1,16,4,1,3,4,1
25,38,17,7,5,6,72,10,7,7,5,18,12,4,2,21,11,9,5,9,4,5,3,17,21,5,3,5,4,8,6,2,9,12,8,3,10,2,16,14,10,4,3,17,10,12,3,11,9,10,5,4,17,2,4,3,2,17,5,3,2,5,2
26,39,18,8,6,7,73,11,8,8,6,19,13,5,3,22,12,10,6,10,5,6,4,18,22,6,4,6,5,9,7,3,10,13,9,4,11,3,17,15,11,5,4,18,11,13,4,12,10,11,6,5,18,3,5,4,3,18,6,4,5,3,3
23,36,15,5,3,4,70,8,5,5,3,16,10,2,0,19,9,7,3,7,2,3,1,15,19,3,1,3,2,6,4,0,7,10,6,1,8,0,14,12,8,2,1,15,8,10,1,9,7,8,3,2,15,0,2,1,0,15,3,1,2,3,0
