71,134,115,93,90,77,211,83,79,88,83,86,84,78,71,157,86,83,87,94,81,80,78,134,127,79,85,81,77,84,76,75,86,114,101,82,87,74,123,117,80,78,72,174,113,168,108,99,110,110,74,76,82,78,85,75,72,131,101,78,98,108,73
134,63,107,85,82,69,203,75,71,80,75,78,76,70,63,149,78,75,79,86,73,72,70,126,119,71,77,73,69,76,68,67,78,106,93,74,79,66,115,109,72,70,64,166,105,160,100,91,102,102,66,68,74,70,77,67,64,123,93,70,90,100,65
115,107,44,66,63,50,184,56,52,61,56,59,57,51,44,130,59,56,60,67,54,53,51,107,100,52,58,54,50,57,49,48,59,87,74,55,60,47,96,90,53,51,45,147,86,141,81,72,83,83,47,49,55,51,58,48,45,104,74,51,71,81,46
93,85,66,22,41,28,162,34,30,39,34,37,35,29,22,108,37,34,38,45,32,31,29,85,78,30,36,32,28,35,27,26,37,65,52,33,38,25,74,68,31,29,23,125,64,119,59,50,61,61,25,27,33,29,36,26,23,82,52,29,49,59,24
90,82,63,41,19,25,159,31,27,36,31,34,32,26,19,105,34,31,35,42,29,28,26,82,75,27,33,29,25,32,24,23,34,62,49,30,35,22,71,65,28,26,20,122,61,116,56,47,58,58,22,24,30,26,33,23,20,79,49,26,46,56,21
77,69,50,28,25,6,146,18,14,23,18,21,19,13,6,92,21,18,22,29,16,15,13,69,62,14,20,16,12,19,11,10,21,49,36,17,22,9,58,52,15,13,7,109,48,103,43,34,45,45,9,11,17,13,20,10,7,66,36,13,33,43,8
211,203,184,162,159,146,140,152,148,157,152,155,153,147,140,226,155,152,156,163,150,149,147,203,196,148,154,150,146,153,145,144,155,183,170,151,156,143,192,186,149,147,141,243,182,237,177,168,179,179,143,145,151,147,154,144,141,200,170,147,167,177,142
83,75,56,34,31,18,152,12,20,29,24,27,25,19,12,98,27,24,28,35,22,21,19,75,68,20,26,22,18,25,17,16,27,55,42,23,28,15,64,58,21,19,13,115,54,109,49,40,51,51,15,17,23,19,26,16,13,72,42,19,39,49,14
79,71,52,30,27,14,148,20,8,25,20,23,21,15,8,94,23,20,24,31,18,17,15,71,64,16,22,18,14,21,13,12,23,51,38,19,24,11,60,54,17,15,9,111,50,105,45,36,47,47,11,13,19,15,22,12,9,68,38,15,35,45,10
88,80,61,39,36,23,157,29,25,17,29,32,30,24,17,103,32,29,33,40,27,26,24,80,73,25,31,27,23,30,22,21,32,60,47,28,33,20,69,63,26,24,18,120,59,114,54,45,56,56,20,22,28,24,31,21,18,77,47,24,44,54,19
83,75,56,34,31,18,152,24,20,29,12,27,25,19,12,98,27,24,28,35,22,21,19,75,68,20,26,22,18,25,17,16,27,55,42,23,28,15,64,58,21,19,13,115,54,109,49,40,51,51,15,17,23,19,26,16,13,72,42,19,39,49,14
86,78,59,37,34,21,155,27,23,32,27,15,28,22,15,101,30,27,31,38,25,24,22,78,71,23,29,25,21,28,20,19,30,58,45,26,31,18,67,61,24,22,16,118,57,112,52,43,54,54,18,20,26,22,29,19,16,75,45,22,42,52,17
84,76,57,35,32,19,153,25,21,30,25,28,13,20,13,99,28,25,29,36,23,22,20,76,69,21,27,23,19,26,18,17,28,56,43,24,29,16,65,59,22,20,14,116,55,110,50,41,52,52,16,18,24,20,27,17,14,73,43,20,40,50,15
78,70,51,29,26,13,147,19,15,24,19,22,20,7,7,93,22,19,23,30,17,16,14,70,63,15,21,17,13,20,12,11,22,50,37,18,23,10,59,53,16,14,8,110,49,104,44,35,46,46,10,12,18,14,21,11,8,67,37,14,34,44,9
71,63,44,22,19,6,140,12,8,17,12,15,13,7,0,86,15,12,16,23,10,9,7,63,56,8,14,10,6,13,5,4,15,43,30,11,16,3,52,46,9,7,1,103,42,97,37,28,39,39,3,5,11,7,14,4,1,60,30,7,27,37,2
157,149,130,108,105,92,226,98,94,103,98,101,99,93,86,86,101,98,102,109,96,95,93,149,142,94,100,96,92,99,91,90,101,129,116,97,102,89,138,132,95,93,87,189,128,183,123,114,125,125,89,91,97,93,100,90,87,146,116,93,113,123,88
86,78,59,37,34,21,155,27,23,32,27,30,28,22,15,101,15,27,31,38,25,24,22,78,71,23,29,25,21,28,20,19,30,58,45,26,31,18,67,61,24,22,16,118,57,112,52,43,54,54,18,20,26,22,29,19,16,75,45,22,42,52,17
83,75,56,34,31,18,152,24,20,29,24,27,25,19,12,98,27,12,28,35,22,21,19,75,68,20,26,22,18,25,17,16,27,55,42,23,28,15,64,58,21,19,13,115,54,109,49,40,51,51,15,17,23,19,26,16,13,72,42,19,39,49,14
87,79,60,38,35,22,156,28,24,33,28,31,29,23,16,102,31,28,16,39,26,25,23,79,72,24,30,26,22,29,21,20,31,59,46,27,32,19,68,62,25,23,17,119,58,113,53,44,55,55,19,21,27,23,30,20,17,76,46,23,43,53,18
94,86,67,45,42,29,163,35,31,40,35,38,36,30,23,109,38,35,39,23,33,32,30,86,79,31,37,33,29,36,28,27,38,66,53,34,39,26,75,69,32,30,24,126,65,120,60,51,62,62,26,28,34,30,37,27,24,83,53,30,50,60,25
81,73,54,32,29,16,150,22,18,27,22,25,23,17,10,96,25,22,26,33,10,19,17,73,66,18,24,20,16,23,15,14,25,53,40,21,26,13,62,56,19,17,11,113,52,107,47,38,49,49,13,15,21,17,24,14,11,70,40,17,37,47,12
80,72,53,31,28,15,149,21,17,26,21,24,22,16,9,95,24,21,25,32,19,9,16,72,65,17,23,19,15,22,14,13,24,52,39,20,25,12,61,55,18,16,10,112,51,106,46,37,48,48,12,14,20,16,23,13,10,69,39,16,36,46,11
78,70,51,29,26,13,147,19,15,24,19,22,20,14,7,93,22,19,23,30,17,16,7,70,63,15,21,17,13,20,12,11,22,50,37,18,23,10,59,53,16,14,8,110,49,104,44,35,46,46,10,12,18,14,21,11,8,67,37,14,34,44,9
134,126,107,85,82,69,203,75,71,80,75,78,76,70,63,149,78,75,79,86,73,72,70,63,119,71,77,73,69,76,68,67,78,106,93,74,79,66,115,109,72,70,64,166,105,160,100,91,102,102,66,68,74,70,77,67,64,123,93,70,90,100,65
127,119,100,78,75,62,196,68,64,73,68,71,69,63,56,142,71,68,72,79,66,65,63,119,56,64,70,66,62,69,61,60,71,99,86,67,72,59,108,102,65,63,57,159,98,153,93,84,95,95,59,61,67,63,70,60,57,116,86,63,83,93,58
79,71,52,30,27,14,148,20,16,25,20,23,21,15,8,94,23,20,24,31,18,17,15,71,64,8,22,18,14,21,13,12,23,51,38,19,24,11,60,54,17,15,9,111,50,105,45,36,47,47,11,13,19,15,22,12,9,68,38,15,35,45,10
85,77,58,36,33,20,154,26,22,31,26,29,27,21,14,100,29,26,30,37,24,23,21,77,70,22,14,24,20,27,19,18,29,57,44,25,30,17,66,60,23,21,15,117,56,111,51,42,53,53,17,19,25,21,28,18,15,74,44,21,41,51,16
81,73,54,32,29,16,150,22,18,27,22,25,23,17,10,96,25,22,26,33,20,19,17,73,66,18,24,10,16,23,15,14,25,53,40,21,26,13,62,56,19,17,11,113,52,107,47,38,49,49,13,15,21,17,24,14,11,70,40,17,37,47,12
77,69,50,28,25,12,146,18,14,23,18,21,19,13,6,92,21,18,22,29,16,15,13,69,62,14,20,16,6,19,11,10,21,49,36,17,22,9,58,52,15,13,7,109,48,103,43,34,45,45,9,11,17,13,20,10,7,66,36,13,33,43,8
84,76,57,35,32,19,153,25,21,30,25,28,26,20,13,99,28,25,29,36,23,22,20,76,69,21,27,23,19,13,18,17,28,56,43,24,29,16,65,59,22,20,14,116,55,110,50,41,52,52,16,18,24,20,27,17,14,73,43,20,40,50,15
76,68,49,27,24,11,145,17,13,22,17,20,18,12,5,91,20,17,21,28,15,14,12,68,61,13,19,15,11,18,5,9,20,48,35,16,21,8,57,51,14,12,6,108,47,102,42,33,44,44,8,10,16,12,19,9,6,65,35,12,32,42,7
75,67,48,26,23,10,144,16,12,21,16,19,17,11,4,90,19,16,20,27,14,13,11,67,60,12,18,14,10,17,9,4,19,47,34,15,20,7,56,50,13,11,5,107,46,101,41,32,43,43,7,9,15,11,18,8,5,64,34,11,31,41,6
86,78,59,37,34,21,155,27,23,32,27,30,28,22,15,101,30,27,31,38,25,24,22,78,71,23,29,25,21,28,20,19,15,58,45,26,31,18,67,61,24,22,16,118,57,112,52,43,54,54,18,20,26,22,29,19,16,75,45,22,42,52,17
114,106,87,65,62,49,183,55,51,60,55,58,56,50,43,129,58,55,59,66,53,52,50,106,99,51,57,53,49,56,48,47,58,43,73,54,59,46,95,89,52,50,44,146,85,140,80,71,82,82,46,48,54,50,57,47,44,103,73,50,70,80,45
101,93,74,52,49,36,170,42,38,47,42,45,43,37,30,116,45,42,46,53,40,39,37,93,86,38,44,40,36,43,35,34,45,73,30,41,46,33,82,76,39,37,31,133,72,127,67,58,69,69,33,35,41,37,44,34,31,90,60,37,57,67,32
82,74,55,33,30,17,151,23,19,28,23,26,24,18,11,97,26,23,27,34,21,20,18,74,67,19,25,21,17,24,16,15,26,54,41,11,27,14,63,57,20,18,12,114,53,108,48,39,50,50,14,16,22,18,25,15,12,71,41,18,38,48,13
87,79,60,38,35,22,156,28,24,33,28,31,29,23,16,102,31,28,32,39,26,25,23,79,72,24,30,26,22,29,21,20,31,59,46,27,16,19,68,62,25,23,17,119,58,113,53,44,55,55,19,21,27,23,30,20,17,76,46,23,43,53,18
74,66,47,25,22,9,143,15,11,20,15,18,16,10,3,89,18,15,19,26,13,12,10,66,59,11,17,13,9,16,8,7,18,46,33,14,19,3,55,49,12,10,4,106,45,100,40,31,42,42,6,8,14,10,17,7,4,63,33,10,30,40,5
123,115,96,74,71,58,192,64,60,69,64,67,65,59,52,138,67,64,68,75,62,61,59,115,108,60,66,62,58,65,57,56,67,95,82,63,68,55,52,98,61,59,53,155,94,149,89,80,91,91,55,57,63,59,66,56,53,112,82,59,79,89,54
117,109,90,68,65,52,186,58,54,63,58,61,59,53,46,132,61,58,62,69,56,55,53,109,102,54,60,56,52,59,51,50,61,89,76,57,62,49,98,46,55,53,47,149,88,143,83,74,85,85,49,51,57,53,60,50,47,106,76,53,73,83,48
80,72,53,31,28,15,149,21,17,26,21,24,22,16,9,95,24,21,25,32,19,18,16,72,65,17,23,19,15,22,14,13,24,52,39,20,25,12,61,55,9,16,10,112,51,106,46,37,48,48,12,14,20,16,23,13,10,69,39,16,36,46,11
78,70,51,29,26,13,147,19,15,24,19,22,20,14,7,93,22,19,23,30,17,16,14,70,63,15,21,17,13,20,12,11,22,50,37,18,23,10,59,53,16,7,8,110,49,104,44,35,46,46,10,12,18,14,21,11,8,67,37,14,34,44,9
72,64,45,23,20,7,141,13,9,18,13,16,14,8,1,87,16,13,17,24,11,10,8,64,57,9,15,11,7,14,6,5,16,44,31,12,17,4,53,47,10,8,1,104,43,98,38,29,40,40,4,6,12,8,15,5,2,61,31,8,28,38,3
174,166,147,125,122,109,243,115,111,120,115,118,116,110,103,189,118,115,119,126,113,112,110,166,159,111,117,113,109,116,108,107,118,146,133,114,119,106,155,149,112,110,104,103,145,200,140,131,142,142,106,108,114,110,117,107,104,163,133,110,130,140,105
113,105,86,64,61,48,182,54,50,59,54,57,55,49,42,128,57,54,58,65,52,51,49,105,98,50,56,52,48,55,47,46,57,85,72,53,58,45,94,88,51,49,43,145,42,139,79,70,81,81,45,47,53,49,56,46,43,102,72,49,69,79,44
168,160,141,119,116,103,237,109,105,114,109,112,110,104,97,183,112,109,113,120,107,106,104,160,153,105,111,107,103,110,102,101,112,140,127,108,113,100,149,143,106,104,98,200,139,97,134,125,136,136,100,102,108,104,111,101,98,157,127,104,124,134,99
108,100,81,59,56,43,177,49,45,54,49,52,50,44,37,123,52,49,53,60,47,46,44,100,93,45,51,47,43,50,42,41,52,80,67,48,53,40,89,83,46,44,38,140,79,134,37,65,76,76,40,42,48,44,51,41,38,97,67,44,64,74,39
99,91,72,50,47,34,168,40,36,45,40,43,41,35,28,114,43,40,44,51,38,37,35,91,84,36,42,38,34,41,33,32,43,71,58,39,44,31,80,74,37,35,29,131,70,125,65,28,67,67,31,33,39,35,42,32,29,88,58,35,55,65,30
110,102,83,61,58,45,179,51,47,56,51,54,52,46,39,125,54,51,55,62,49,48,46,102,95,47,53,49,45,52,44,43,54,82,69,50,55,42,91,85,48,46,40,142,81,136,76,67,39,78,42,44,50,46,53,43,40,99,69,46,66,76,41
110,102,83,61,58,45,179,51,47,56,51,54,52,46,39,125,54,51,55,62,49,48,46,102,95,47,53,49,45,52,44,43,54,82,69,50,55,42,91,85,48,46,40,142,81,136,76,67,78,39,42,44,50,46,53,43,40,99,69,46,66,76,41
74,66,47,25,22,9,143,15,11,20,15,18,16,10,3,89,18,15,19,26,13,12,10,66,59,11,17,13,9,16,8,7,18,46,33,14,19,6,55,49,12,10,4,106,45,100,40,31,42,42,3,8,14,10,17,7,4,63,33,10,30,40,5
76,68,49,27,24,11,145,17,13,22,17,20,18,12,5,91,20,17,21,28,15,14,12,68,61,13,19,15,11,18,10,9,20,48,35,16,21,8,57,51,14,12,6,108,47,102,42,33,44,44,8,5,16,12,19,9,6,65,35,12,32,42,7
82,74,55,33,30,17,151,23,19,28,23,26,24,18,11,97,26,23,27,34,21,20,18,74,67,19,25,21,17,24,16,15,26,54,41,22,27,14,63,57,20,18,12,114,53,108,48,39,50,50,14,16,11,18,25,15,12,71,41,18,38,48,13
78,70,51,29,26,13,147,19,15,24,19,22,20,14,7,93,22,19,23,30,17,16,14,70,63,15,21,17,13,20,12,11,22,50,37,18,23,10,59,53,16,14,8,110,49,104,44,35,46,46,10,12,18,7,21,11,8,67,37,14,34,44,9
85,77,58,36,33,20,154,26,22,31,26,29,27,21,14,100,29,26,30,37,24,23,21,77,70,22,28,24,20,27,19,18,29,57,44,25,30,17,66,60,23,21,15,117,56,111,51,42,53,53,17,19,25,21,14,18,15,74,44,21,41,51,16
75,67,48,26,23,10,144,16,12,21,16,19,17,11,4,90,19,16,20,27,14,13,11,67,60,12,18,14,10,17,9,8,19,47,34,15,20,7,56,50,13,11,5,107,46,101,41,32,43,43,7,9,15,11,18,4,5,64,34,11,31,41,6
72,64,45,23,20,7,141,13,9,18,13,16,14,8,1,87,16,13,17,24,11,10,8,64,57,9,15,11,7,14,6,5,16,44,31,12,17,4,53,47,10,8,2,104,43,98,38,29,40,40,4,6,12,8,15,5,1,61,31,8,28,38,3
131,123,104,82,79,66,200,72,68,77,72,75,73,67,60,146,75,72,76,83,70,69,67,123,116,68,74,70,66,73,65,64,75,103,90,71,76,63,112,106,69,67,61,163,102,157,97,88,99,99,63,65,71,67,74,64,61,60,90,67,87,97,62
101,93,74,52,49,36,170,42,38,47,42,45,43,37,30,116,45,42,46,53,40,39,37,93,86,38,44,40,36,43,35,34,45,73,60,41,46,33,82,76,39,37,31,133,72,127,67,58,69,69,33,35,41,37,44,34,31,90,30,37,57,67,32
78,70,51,29,26,13,147,19,15,24,19,22,20,14,7,93,22,19,23,30,17,16,14,70,63,15,21,17,13,20,12,11,22,50,37,18,23,10,59,53,16,14,8,110,49,104,44,35,46,46,10,12,18,14,21,11,8,67,37,7,34,44,9
98,90,71,49,46,33,167,39,35,44,39,42,40,34,27,113,42,39,43,50,37,36,34,90,83,35,41,37,33,40,32,31,42,70,57,38,43,30,79,73,36,34,28,130,69,124,64,55,66,66,30,32,38,34,41,31,28,87,57,34,27,64,29
108,100,81,59,56,43,177,49,45,54,49,52,50,44,37,123,52,49,53,60,47,46,44,100,93,45,51,47,43,50,42,41,52,80,67,48,53,40,89,83,46,44,38,140,79,134,74,65,76,76,40,42,48,44,51,41,38,97,67,44,64,37,39
73,65,46,24,21,8,142,14,10,19,14,17,15,9,2,88,17,14,18,25,12,11,9,65,58,10,16,12,8,15,7,6,17,45,32,13,18,5,54,48,11,9,3,105,44,99,39,30,41,41,5,7,13,9,16,6,3,62,32,9,29,39,2
