3,6,6,3,3,3,35,8,3,5,4,3,3,3,3,9,4,4,3,50,3,3,6,5,3,3,3,3,4,3,3,3,4,3,3,3,3,3,8,6,3,3,3,8,4,5,3,4,5,5,3,3,3,4,5,4,3,4,4,3,3,3,3
6,3,6,3,3,3,35,8,3,5,4,3,3,3,3,9,4,4,3,50,3,3,6,5,3,3,3,3,4,3,3,3,4,3,3,3,3,3,8,6,3,3,3,8,4,5,3,4,5,5,3,3,3,4,5,4,3,4,4,3,3,3,3
6,6,3,3,3,3,35,8,3,5,4,3,3,3,3,9,4,4,3,50,3,3,6,5,3,3,3,3,4,3,3,3,4,3,3,3,3,3,8,6,3,3,3,8,4,5,3,4,5,5,3,3,3,4,5,4,3,4,4,3,3,3,3
3,3,3,0,0,0,32,5,0,2,1,0,0,0,0,6,1,1,0,47,0,0,3,2,0,0,0,0,1,0,0,0,1,0,0,0,0,0,5,3,0,0,0,5,1,2,0,1,2,2,0,0,0,1,2,1,0,1,1,0,0,0,0
3,3,3,0,0,0,32,5,0,2,1,0,0,0,0,6,1,1,0,47,0,0,3,2,0,0,0,0,1,0,0,0,1,0,0,0,0,0,5,3,0,0,0,5,1,2,0,1,2,2,0,0,0,1,2,1,0,1,1,0,0,0,0
3,3,3,0,0,0,32,5,0,2,1,0,0,0,0,6,1,1,0,47,0,0,3,2,0,0,0,0,1,0,0,0,1,0,0,0,0,0,5,3,0,0,0,5,1,2,0,1,2,2,0,0,0,1,2,1,0,1,1,0,0,0,0
35,35,35,32,32,32,32,37,32,34,33,32,32,32,32,38,33,33,32,79,32,32,35,34,32,32,32,32,33,32,32,32,33,32,32,32,32,32,37,35,32,32,32,37,33,34,32,33,34,34,32,32,32,33,34,33,32,33,33,32,32,32,32
8,8,8,5,5,5,37,5,5,7,6,5,5,5,5,11,6,6,5,52,5,5,8,7,5,5,5,5,6,5,5,5,6,5,5,5,5,5,10,8,5,5,5,10,6,7,5,6,7,7,5,5,5,6,7,6,5,6,6,5,5,5,5
3,3,3,0,0,0,32,5,0,2,1,0,0,0,0,6,1,1,0,47,0,0,3,2,0,0,0,0,1,0,0,0,1,0,0,0,0,0,5,3,0,0,0,5,1,2,0,1,2,2,0,0,0,1,2,1,0,1,1,0,0,0,0
5,5,5,2,2,2,34,7,2,2,3,2,2,2,2,8,3,3,2,49,2,2,5,4,2,2,2,2,3,2,2,2,3,2,2,2,2,2,7,5,2,2,2,7,3,4,2,3,4,4,2,2,2,3,4,3,2,3,3,2,2,2,2
4,4,4,1,1,1,33,6,1,3,1,1,1,1,1,7,2,2,1,48,1,1,4,3,1,1,1,1,2,1,1,1,2,1,1,1,1,1,6,4,1,1,1,6,2,3,1,2,3,3,1,1,1,2,3,2,1,2,2,1,1,1,1
3,3,3,0,0,0,32,5,0,2,1,0,0,0,0,6,1,1,0,47,0,0,3,2,0,0,0,0,1,0,0,0,1,0,0,0,0,0,5,3,0,0,0,5,1,2,0,1,2,2,0,0,0,1,2,1,0,1,1,0,0,0,0
3,3,3,0,0,0,32,5,0,2,1,0,0,0,0,6,1,1,0,47,0,0,3,2,0,0,0,0,1,0,0,0,1,0,0,0,0,0,5,3,0,0,0,5,1,2,0,1,2,2,0,0,0,1,2,1,0,1,1,0,0,0,0
3,3,3,0,0,0,32,5,0,2,1,0,0,0,0,6,1,1,0,47,0,0,3,2,0,0,0,0,1,0,0,0,1,0,0,0,0,0,5,3,0,0,0,5,1,2,0,1,2,2,0,0,0,1,2,1,0,1,1,0,0,0,0
3,3,3,0,0,0,32,5,0,2,1,0,0,0,0,6,1,1,0,47,0,0,3,2,0,0,0,0,1,0,0,0,1,0,0,0,0,0,5,3,0,0,0,5,1,2,0,1,2,2,0,0,0,1,2,1,0,1,1,0,0,0,0
9,9,9,6,6,6,38,11,6,8,7,6,6,6,6,6,7,7,6,53,6,6,9,8,6,6,6,6,7,6,6,6,7,6,6,6,6,6,11,9,6,6,6,11,7,8,6,7,8,8,6,6,6,7,8,7,6,7,7,6,6,6,6
4,4,4,1,1,1,33,6,1,3,2,1,1,1,1,7,1,2,1,48,1,1,4,3,1,1,1,1,2,1,1,1,2,1,1,1,1,1,6,4,1,1,1,6,2,3,1,2,3,3,1,1,1,2,3,2,1,2,2,1,1,1,1
4,4,4,1,1,1,33,6,1,3,2,1,1,1,1,7,2,1,1,48,1,1,4,3,1,1,1,1,2,1,1,1,2,1,1,1,1,1,6,4,1,1,1,6,2,3,1,2,3,3,1,1,1,2,3,2,1,2,2,1,1,1,1
3,3,3,0,0,0,32,5,0,2,1,0,0,0,0,6,1,1,0,47,0,0,3,2,0,0,0,0,1,0,0,0,1,0,0,0,0,0,5,3,0,0,0,5,1,2,0,1,2,2,0,0,0,1,2,1,0,1,1,0,0,0,0
50,50,50,47,47,47,79,52,47,49,48,47,47,47,47,53,48,48,47,47,47,47,50,49,47,47,47,47,48,47,47,47,48,47,47,47,47,47,52,50,47,47,47,52,48,49,47,48,49,49,47,47,47,48,49,48,47,48,48,47,47,47,47
3,3,3,0,0,0,32,5,0,2,1,0,0,0,0,6,1,1,0,47,0,0,3,2,0,0,0,0,1,0,0,0,1,0,0,0,0,0,5,3,0,0,0,5,1,2,0,1,2,2,0,0,0,1,2,1,0,1,1,0,0,0,0
3,3,3,0,0,0,32,5,0,2,1,0,0,0,0,6,1,1,0,47,0,0,3,2,0,0,0,0,1,0,0,0,1,0,0,0,0,0,5,3,0,0,0,5,1,2,0,1,2,2,0,0,0,1,2,1,0,1,1,0,0,0,0
6,6,6,3,3,3,35,8,3,5,4,3,3,3,3,9,4,4,3,50,3,3,3,5,3,3,3,3,4,3,3,3,4,3,3,3,3,3,8,6,3,3,3,8,4,5,3,4,5,5,3,3,3,4,5,4,3,4,4,3,3,3,3
5,5,5,2,2,2,34,7,2,4,3,2,2,2,2,8,3,3,2,49,2,2,5,2,2,2,2,2,3,2,2,2,3,2,2,2,2,2,7,5,2,2,2,7,3,4,2,3,4,4,2,2,2,3,4,3,2,3,3,2,2,2,2
3,3,3,0,0,0,32,5,0,2,1,0,0,0,0,6,1,1,0,47,0,0,3,2,0,0,0,0,1,0,0,0,1,0,0,0,0,0,5,3,0,0,0,5,1,2,0,1,2,2,0,0,0,1,2,1,0,1,1,0,0,0,0
3,3,3,0,0,0,32,5,0,2,1,0,0,0,0,6,1,1,0,47,0,0,3,2,0,0,0,0,1,0,0,0,1,0,0,0,0,0,5,3,0,0,0,5,1,2,0,1,2,2,0,0,0,1,2,1,0,1,1,0,0,0,0
3,3,3,0,0,0,32,5,0,2,1,0,0,0,0,6,1,1,0,47,0,0,3,2,0,0,0,0,1,0,0,0,1,0,0,0,0,0,5,3,0,0,0,5,1,2,0,1,2,2,0,0,0,1,2,1,0,1,1,0,0,0,0
3,3,3,0,0,0,32,5,0,2,1,0,0,0,0,6,1,1,0,47,0,0,3,2,0,0,0,0,1,0,0,0,1,0,0,0,0,0,5,3,0,0,0,5,1,2,0,1,2,2,0,0,0,1,2,1,0,1,1,0,0,0,0
4,4,4,1,1,1,33,6,1,3,2,1,1,1,1,7,2,2,1,48,1,1,4,3,1,1,1,1,1,1,1,1,2,1,1,1,1,1,6,4,1,1,1,6,2,3,1,2,3,3,1,1,1,2,3,2,1,2,2,1,1,1,1
3,3,3,0,0,0,32,5,0,2,1,0,0,0,0,6,1,1,0,47,0,0,3,2,0,0,0,0,1,0,0,0,1,0,0,0,0,0,5,3,0,0,0,5,1,2,0,1,2,2,0,0,0,1,2,1,0,1,1,0,0,0,0
3,3,3,0,0,0,32,5,0,2,1,0,0,0,0,6,1,1,0,47,0,0,3,2,0,0,0,0,1,0,0,0,1,0,0,0,0,0,5,3,0,0,0,5,1,2,0,1,2,2,0,0,0,1,2,1,0,1,1,0,0,0,0
3,3,3,0,0,0,32,5,0,2,1,0,0,0,0,6,1,1,0,47,0,0,3,2,0,0,0,0,1,0,0,0,1,0,0,0,0,0,5,3,0,0,0,5,1,2,0,1,2,2,0,0,0,1,2,1,0,1,1,0,0,0,0
4,4,4,1,1,1,33,6,1,3,2,1,1,1,1,7,2,2,1,48,1,1,4,3,1,1,1,1,2,1,1,1,1,1,1,1,1,1,6,4,1,1,1,6,2,3,1,2,3,3,1,1,1,2,3,2,1,2,2,1,1,1,1
3,3,3,0,0,0,32,5,0,2,1,0,0,0,0,6,1,1,0,47,0,0,3,2,0,0,0,0,1,0,0,0,1,0,0,0,0,0,5,3,0,0,0,5,1,2,0,1,2,2,0,0,0,1,2,1,0,1,1,0,0,0,0
3,3,3,0,0,0,32,5,0,2,1,0,0,0,0,6,1,1,0,47,0,0,3,2,0,0,0,0,1,0,0,0,1,0,0,0,0,0,5,3,0,0,0,5,1,2,0,1,2,2,0,0,0,1,2,1,0,1,1,0,0,0,0
3,3,3,0,0,0,32,5,0,2,1,0,0,0,0,6,1,1,0,47,0,0,3,2,0,0,0,0,1,0,0,0,1,0,0,0,0,0,5,3,0,0,0,5,1,2,0,1,2,2,0,0,0,1,2,1,0,1,1,0,0,0,0
3,3,3,0,0,0,32,5,0,2,1,0,0,0,0,6,1,1,0,47,0,0,3,2,0,0,0,0,1,0,0,0,1,0,0,0,0,0,5,3,0,0,0,5,1,2,0,1,2,2,0,0,0,1,2,1,0,1,1,0,0,0,0
3,3,3,0,0,0,32,5,0,2,1,0,0,0,0,6,1,1,0,47,0,0,3,2,0,0,0,0,1,0,0,0,1,0,0,0,0,0,5,3,0,0,0,5,1,2,0,1,2,2,0,0,0,1,2,1,0,1,1,0,0,0,0
8,8,8,5,5,5,37,10,5,7,6,5,5,5,5,11,6,6,5,52,5,5,8,7,5,5,5,5,6,5,5,5,6,5,5,5,5,5,5,8,5,5,5,10,6,7,5,6,7,7,5,5,5,6,7,6,5,6,6,5,5,5,5
6,6,6,3,3,3,35,8,3,5,4,3,3,3,3,9,4,4,3,50,3,3,6,5,3,3,3,3,4,3,3,3,4,3,3,3,3,3,8,3,3,3,3,8,4,5,3,4,5,5,3,3,3,4,5,4,3,4,4,3,3,3,3
3,3,3,0,0,0,32,5,0,2,1,0,0,0,0,6,1,1,0,47,0,0,3,2,0,0,0,0,1,0,0,0,1,0,0,0,0,0,5,3,0,0,0,5,1,2,0,1,2,2,0,0,0,1,2,1,0,1,1,0,0,0,0
3,3,3,0,0,0,32,5,0,2,1,0,0,0,0,6,1,1,0,47,0,0,3,2,0,0,0,0,1,0,0,0,1,0,0,0,0,0,5,3,0,0,0,5,1,2,0,1,2,2,0,0,0,1,2,1,0,1,1,0,0,0,0
3,3,3,0,0,0,32,5,0,2,1,0,0,0,0,6,1,1,0,47,0,0,3,2,0,0,0,0,1,0,0,0,1,0,0,0,0,0,5,3,0,0,0,5,1,2,0,1,2,2,0,0,0,1,2,1,0,1,1,0,0,0,0
8,8,8,5,5,5,37,10,5,7,6,5,5,5,5,11,6,6,5,52,5,5,8,7,5,5,5,5,6,5,5,5,6,5,5,5,5,5,10,8,5,5,5,5,6,7,5,6,7,7,5,5,5,6,7,6,5,6,6,5,5,5,5
4,4,4,1,1,1,33,6,1,3,2,1,1,1,1,7,2,2,1,48,1,1,4,3,1,1,1,1,2,1,1,1,2,1,1,1,1,1,6,4,1,1,1,6,1,3,1,2,3,3,1,1,1,2,3,2,1,2,2,1,1,1,1
5,5,5,2,2,2,34,7,2,4,3,2,2,2,2,8,3,3,2,49,2,2,5,4,2,2,2,2,3,2,2,2,3,2,2,2,2,2,7,5,2,2,2,7,3,2,2,3,4,4,2,2,2,3,4,3,2,3,3,2,2,2,2
3,3,3,0,0,0,32,5,0,2,1,0,0,0,0,6,1,1,0,47,0,0,3,2,0,0,0,0,1,0,0,0,1,0,0,0,0,0,5,3,0,0,0,5,1,2,0,1,2,2,0,0,0,1,2,1,0,1,1,0,0,0,0
4,4,4,1,1,1,33,6,1,3,2,1,1,1,1,7,2,2,1,48,1,1,4,3,1,1,1,1,2,1,1,1,2,1,1,1,1,1,6,4,1,1,1,6,2,3,1,1,3,3,1,1,1,2,3,2,1,2,2,1,1,1,1
5,5,5,2,2,2,34,7,2,4,3,2,2,2,2,8,3,3,2,49,2,2,5,4,2,2,2,2,3,2,2,2,3,2,2,2,2,2,7,5,2,2,2,7,3,4,2,3,2,4,2,2,2,3,4,3,2,3,3,2,2,2,2
5,5,5,2,2,2,34,7,2,4,3,2,2,2,2,8,3,3,2,49,2,2,5,4,2,2,2,2,3,2,2,2,3,2,2,2,2,2,7,5,2,2,2,7,3,4,2,3,4,2,2,2,2,3,4,3,2,3,3,2,2,2,2
3,3,3,0,0,0,32,5,0,2,1,0,0,0,0,6,1,1,0,47,0,0,3,2,0,0,0,0,1,0,0,0,1,0,0,0,0,0,5,3,0,0,0,5,1,2,0,1,2,2,0,0,0,1,2,1,0,1,1,0,0,0,0
3,3,3,0,0,0,32,5,0,2,1,0,0,0,0,6,1,1,0,47,0,0,3,2,0,0,0,0,1,0,0,0,1,0,0,0,0,0,5,3,0,0,0,5,1,2,0,1,2,2,0,0,0,1,2,1,0,1,1,0,0,0,0
3,3,3,0,0,0,32,5,0,2,1,0,0,0,0,6,1,1,0,47,0,0,3,2,0,0,0,0,1,0,0,0,1,0,0,0,0,0,5,3,0,0,0,5,1,2,0,1,2,2,0,0,0,1,2,1,0,1,1,0,0,0,0
4,4,4,1,1,1,33,6,1,3,2,1,1,1,1,7,2,2,1,48,1,1,4,3,1,1,1,1,2,1,1,1,2,1,1,1,1,1,6,4,1,1,1,6,2,3,1,2,3,3,1,1,1,1,3,2,1,2,2,1,1,1,1
5,5,5,2,2,2,34,7,2,4,3,2,2,2,2,8,3,3,2,49,2,2,5,4,2,2,2,2,3,2,2,2,3,2,2,2,2,2,7,5,2,2,2,7,3,4,2,3,4,4,2,2,2,3,2,3,2,3,3,2,2,2,2
4,4,4,1,1,1,33,6,1,3,2,1,1,1,1,7,2,2,1,48,1,1,4,3,1,1,1,1,2,1,1,1,2,1,1,1,1,1,6,4,1,1,1,6,2,3,1,2,3,3,1,1,1,2,3,1,1,2,2,1,1,1,1
3,3,3,0,0,0,32,5,0,2,1,0,0,0,0,6,1,1,0,47,0,0,3,2,0,0,0,0,1,0,0,0,1,0,0,0,0,0,5,3,0,0,0,5,1,2,0,1,2,2,0,0,0,1,2,1,0,1,1,0,0,0,0
4,4,4,1,1,1,33,6,1,3,2,1,1,1,1,7,2,2,1,48,1,1,4,3,1,1,1,1,2,1,1,1,2,1,1,1,1,1,6,4,1,1,1,6,2,3,1,2,3,3,1,1,1,2,3,2,1,1,2,1,1,1,1
4,4,4,1,1,1,33,6,1,3,2,1,1,1,1,7,2,2,1,48,1,1,4,3,1,1,1,1,2,1,1,1,2,1,1,1,1,1,6,4,1,1,1,6,2,3,1,2,3,3,1,1,1,2,3,2,1,2,1,1,1,1,1
3,3,3,0,0,0,32,5,0,2,1,0,0,0,0,6,1,1,0,47,0,0,3,2,0,0,0,0,1,0,0,0,1,0,0,0,0,0,5,3,0,0,0,5,1,2,0,1,2,2,0,0,0,1,2,1,0,1,1,0,0,0,0
3,3,3,0,0,0,32,5,0,2,1,0,0,0,0,6,1,1,0,47,0,0,3,2,0,0,0,0,1,0,0,0,1,0,0,0,0,0,5,3,0,0,0,5,1,2,0,1,2,2,0,0,0,1,2,1,0,1,1,0,0,0,0
3,3,3,0,0,0,32,5,0,2,1,0,0,0,0,6,1,1,0,47,0,0,3,2,0,0,0,0,1,0,0,0,1,0,0,0,0,0,5,3,0,0,0,5,1,2,0,1,2,2,0,0,0,1,2,1,0,1,1,0,0,0,0
3,3,3,0,0,0,32,5,0,2,1,0,0,0,0,6,1,1,0,47,0,0,3,2,0,0,0,0,1,0,0,0,1,0,0,0,0,0,5,3,0,0,0,5,1,2,0,1,2,2,0,0,0,1,2,1,0,1,1,0,0,0,0
