2,6,6,3,2,2,29,4,2,3,3,3,2,2,2,4,4,8,3,11,2,2,3,4,5,2,3,4,3,4,2,2,6,2,2,2,4,4,6,7,3,2,2,5,4,7,2,3,4,4,2,3,3,2,2,2,2,2,3,2,2,2,2
6,4,8,5,4,4,31,6,4,5,5,5,4,4,4,6,6,10,5,13,4,4,5,6,7,4,5,6,5,6,4,4,8,4,4,4,6,6,8,9,5,4,4,7,6,9,4,5,6,6,4,5,5,4,4,4,4,4,5,4,4,4,4
6,8,4,5,4,4,31,6,4,5,5,5,4,4,4,6,6,10,5,13,4,4,5,6,7,4,5,6,5,6,4,4,8,4,4,4,6,6,8,9,5,4,4,7,6,9,4,5,6,6,4,5,5,4,4,4,4,4,5,4,4,4,4
3,5,5,1,1,1,28,3,1,2,2,2,1,1,1,3,3,7,2,10,1,1,2,3,4,1,2,3,2,3,1,1,5,1,1,1,3,3,5,6,2,1,1,4,3,6,1,2,3,3,1,2,2,1,1,1,1,1,2,1,1,1,1
2,4,4,1,0,0,27,2,0,1,1,1,0,0,0,2,2,6,1,9,0,0,1,2,3,0,1,2,1,2,0,0,4,0,0,0,2,2,4,5,1,0,0,3,2,5,0,1,2,2,0,1,1,0,0,0,0,0,1,0,0,0,0
2,4,4,1,0,0,27,2,0,1,1,1,0,0,0,2,2,6,1,9,0,0,1,2,3,0,1,2,1,2,0,0,4,0,0,0,2,2,4,5,1,0,0,3,2,5,0,1,2,2,0,1,1,0,0,0,0,0,1,0,0,0,0
29,31,31,28,27,27,27,29,27,28,28,28,27,27,27,29,29,33,28,36,27,27,28,29,30,27,28,29,28,29,27,27,31,27,27,27,29,29,31,32,28,27,27,30,29,32,27,28,29,29,27,28,28,27,27,27,27,27,28,27,27,27,27
4,6,6,3,2,2,29,2,2,3,3,3,2,2,2,4,4,8,3,11,2,2,3,4,5,2,3,4,3,4,2,2,6,2,2,2,4,4,6,7,3,2,2,5,4,7,2,3,4,4,2,3,3,2,2,2,2,2,3,2,2,2,2
2,4,4,1,0,0,27,2,0,1,1,1,0,0,0,2,2,6,1,9,0,0,1,2,3,0,1,2,1,2,0,0,4,0,0,0,2,2,4,5,1,0,0,3,2,5,0,1,2,2,0,1,1,0,0,0,0,0,1,0,0,0,0
3,5,5,2,1,1,28,3,1,1,2,2,1,1,1,3,3,7,2,10,1,1,2,3,4,1,2,3,2,3,1,1,5,1,1,1,3,3,5,6,2,1,1,4,3,6,1,2,3,3,1,2,2,1,1,1,1,1,2,1,1,1,1
3,5,5,2,1,1,28,3,1,2,1,2,1,1,1,3,3,7,2,10,1,1,2,3,4,1,2,3,2,3,1,1,5,1,1,1,3,3,5,6,2,1,1,4,3,6,1,2,3,3,1,2,2,1,1,1,1,1,2,1,1,1,1
3,5,5,2,1,1,28,3,1,2,2,1,1,1,1,3,3,7,2,10,1,1,2,3,4,1,2,3,2,3,1,1,5,1,1,1,3,3,5,6,2,1,1,4,3,6,1,2,3,3,1,2,2,1,1,1,1,1,2,1,1,1,1
2,4,4,1,0,0,27,2,0,1,1,1,0,0,0,2,2,6,1,9,0,0,1,2,3,0,1,2,1,2,0,0,4,0,0,0,2,2,4,5,1,0,0,3,2,5,0,1,2,2,0,1,1,0,0,0,0,0,1,0,0,0,0
2,4,4,1,0,0,27,2,0,1,1,1,0,0,0,2,2,6,1,9,0,0,1,2,3,0,1,2,1,2,0,0,4,0,0,0,2,2,4,5,1,0,0,3,2,5,0,1,2,2,0,1,1,0,0,0,0,0,1,0,0,0,0
2,4,4,1,0,0,27,2,0,1,1,1,0,0,0,2,2,6,1,9,0,0,1,2,3,0,1,2,1,2,0,0,4,0,0,0,2,2,4,5,1,0,0,3,2,5,0,1,2,2,0,1,1,0,0,0,0,0,1,0,0,0,0
4,6,6,3,2,2,29,4,2,3,3,3,2,2,2,2,4,8,3,11,2,2,3,4,5,2,3,4,3,4,2,2,6,2,2,2,4,4,6,7,3,2,2,5,4,7,2,3,4,4,2,3,3,2,2,2,2,2,3,2,2,2,2
4,6,6,3,2,2,29,4,2,3,3,3,2,2,2,4,2,8,3,11,2,2,3,4,5,2,3,4,3,4,2,2,6,2,2,2,4,4,6,7,3,2,2,5,4,7,2,3,4,4,2,3,3,2,2,2,2,2,3,2,2,2,2
8,10,10,7,6,6,33,8,6,7,7,7,6,6,6,8,8,6,7,15,6,6,7,8,9,6,7,8,7,8,6,6,10,6,6,6,8,8,10,11,7,6,6,9,8,11,6,7,8,8,6,7,7,6,6,6,6,6,7,6,6,6,6
3,5,5,2,1,1,28,3,1,2,2,2,1,1,1,3,3,7,1,10,1,1,2,3,4,1,2,3,2,3,1,1,5,1,1,1,3,3,5,6,2,1,1,4,3,6,1,2,3,3,1,2,2,1,1,1,1,1,2,1,1,1,1
11,13,13,10,9,9,36,11,9,10,10,10,9,9,9,11,11,15,10,9,9,9,10,11,12,9,10,11,10,11,9,9,13,9,9,9,11,11,13,14,10,9,9,12,11,14,9,10,11,11,9,10,10,9,9,9,9,9,10,9,9,9,9
2,4,4,1,0,0,27,2,0,1,1,1,0,0,0,2,2,6,1,9,0,0,1,2,3,0,1,2,1,2,0,0,4,0,0,0,2,2,4,5,1,0,0,3,2,5,0,1,2,2,0,1,1,0,0,0,0,0,1,0,0,0,0
2,4,4,1,0,0,27,2,0,1,1,1,0,0,0,2,2,6,1,9,0,0,1,2,3,0,1,2,1,2,0,0,4,0,0,0,2,2,4,5,1,0,0,3,2,5,0,1,2,2,0,1,1,0,0,0,0,0,1,0,0,0,0
3,5,5,2,1,1,28,3,1,2,2,2,1,1,1,3,3,7,2,10,1,1,1,3,4,1,2,3,2,3,1,1,5,1,1,1,3,3,5,6,2,1,1,4,3,6,1,2,3,3,1,2,2,1,1,1,1,1,2,1,1,1,1
4,6,6,3,2,2,29,4,2,3,3,3,2,2,2,4,4,8,3,11,2,2,3,2,5,2,3,4,3,4,2,2,6,2,2,2,4,4,6,7,3,2,2,5,4,7,2,3,4,4,2,3,3,2,2,2,2,2,3,2,2,2,2
5,7,7,4,3,3,30,5,3,4,4,4,3,3,3,5,5,9,4,12,3,3,4,5,3,3,4,5,4,5,3,3,7,3,3,3,5,5,7,8,4,3,3,6,5,8,3,4,5,5,3,4,4,3,3,3,3,3,4,3,3,3,3
2,4,4,1,0,0,27,2,0,1,1,1,0,0,0,2,2,6,1,9,0,0,1,2,3,0,1,2,1,2,0,0,4,0,0,0,2,2,4,5,1,0,0,3,2,5,0,1,2,2,0,1,1,0,0,0,0,0,1,0,0,0,0
3,5,5,2,1,1,28,3,1,2,2,2,1,1,1,3,3,7,2,10,1,1,2,3,4,1,1,3,2,3,1,1,5,1,1,1,3,3,5,6,2,1,1,4,3,6,1,2,3,3,1,2,2,1,1,1,1,1,2,1,1,1,1
4,6,6,3,2,2,29,4,2,3,3,3,2,2,2,4,4,8,3,11,2,2,3,4,5,2,3,2,3,4,2,2,6,2,2,2,4,4,6,7,3,2,2,5,4,7,2,3,4,4,2,3,3,2,2,2,2,2,3,2,2,2,2
3,5,5,2,1,1,28,3,1,2,2,2,1,1,1,3,3,7,2,10,1,1,2,3,4,1,2,3,1,3,1,1,5,1,1,1,3,3,5,6,2,1,1,4,3,6,1,2,3,3,1,2,2,1,1,1,1,1,2,1,1,1,1
4,6,6,3,2,2,29,4,2,3,3,3,2,2,2,4,4,8,3,11,2,2,3,4,5,2,3,4,3,2,2,2,6,2,2,2,4,4,6,7,3,2,2,5,4,7,2,3,4,4,2,3,3,2,2,2,2,2,3,2,2,2,2
2,4,4,1,0,0,27,2,0,1,1,1,0,0,0,2,2,6,1,9,0,0,1,2,3,0,1,2,1,2,0,0,4,0,0,0,2,2,4,5,1,0,0,3,2,5,0,1,2,2,0,1,1,0,0,0,0,0,1,0,0,0,0
2,4,4,1,0,0,27,2,0,1,1,1,0,0,0,2,2,6,1,9,0,0,1,2,3,0,1,2,1,2,0,0,4,0,0,0,2,2,4,5,1,0,0,3,2,5,0,1,2,2,0,1,1,0,0,0,0,0,1,0,0,0,0
6,8,8,5,4,4,31,6,4,5,5,5,4,4,4,6,6,10,5,13,4,4,5,6,7,4,5,6,5,6,4,4,4,4,4,4,6,6,8,9,5,4,4,7,6,9,4,5,6,6,4,5,5,4,4,4,4,4,5,4,4,4,4
2,4,4,1,0,0,27,2,0,1,1,1,0,0,0,2,2,6,1,9,0,0,1,2,3,0,1,2,1,2,0,0,4,0,0,0,2,2,4,5,1,0,0,3,2,5,0,1,2,2,0,1,1,0,0,0,0,0,1,0,0,0,0
2,4,4,1,0,0,27,2,0,1,1,1,0,0,0,2,2,6,1,9,0,0,1,2,3,0,1,2,1,2,0,0,4,0,0,0,2,2,4,5,1,0,0,3,2,5,0,1,2,2,0,1,1,0,0,0,0,0,1,0,0,0,0
2,4,4,1,0,0,27,2,0,1,1,1,0,0,0,2,2,6,1,9,0,0,1,2,3,0,1,2,1,2,0,0,4,0,0,0,2,2,4,5,1,0,0,3,2,5,0,1,2,2,0,1,1,0,0,0,0,0,1,0,0,0,0
4,6,6,3,2,2,29,4,2,3,3,3,2,2,2,4,4,8,3,11,2,2,3,4,5,2,3,4,3,4,2,2,6,2,2,2,2,4,6,7,3,2,2,5,4,7,2,3,4,4,2,3,3,2,2,2,2,2,3,2,2,2,2
4,6,6,3,2,2,29,4,2,3,3,3,2,2,2,4,4,8,3,11,2,2,3,4,5,2,3,4,3,4,2,2,6,2,2,2,4,2,6,7,3,2,2,5,4,7,2,3,4,4,2,3,3,2,2,2,2,2,3,2,2,2,2
6,8,8,5,4,4,31,6,4,5,5,5,4,4,4,6,6,10,5,13,4,4,5,6,7,4,5,6,5,6,4,4,8,4,4,4,6,6,4,9,5,4,4,7,6,9,4,5,6,6,4,5,5,4,4,4,4,4,5,4,4,4,4
7,9,9,6,5,5,32,7,5,6,6,6,5,5,5,7,7,11,6,14,5,5,6,7,8,5,6,7,6,7,5,5,9,5,5,5,7,7,9,5,6,5,5,8,7,10,5,6,7,7,5,6,6,5,5,5,5,5,6,5,5,5,5
3,5,5,2,1,1,28,3,1,2,2,2,1,1,1,3,3,7,2,10,1,1,2,3,4,1,2,3,2,3,1,1,5,1,1,1,3,3,5,6,1,1,1,4,3,6,1,2,3,3,1,2,2,1,1,1,1,1,2,1,1,1,1
2,4,4,1,0,0,27,2,0,1,1,1,0,0,0,2,2,6,1,9,0,0,1,2,3,0,1,2,1,2,0,0,4,0,0,0,2,2,4,5,1,0,0,3,2,5,0,1,2,2,0,1,1,0,0,0,0,0,1,0,0,0,0
2,4,4,1,0,0,27,2,0,1,1,1,0,0,0,2,2,6,1,9,0,0,1,2,3,0,1,2,1,2,0,0,4,0,0,0,2,2,4,5,1,0,0,3,2,5,0,1,2,2,0,1,1,0,0,0,0,0,1,0,0,0,0
5,7,7,4,3,3,30,5,3,4,4,4,3,3,3,5,5,9,4,12,3,3,4,5,6,3,4,5,4,5,3,3,7,3,3,3,5,5,7,8,4,3,3,3,5,8,3,4,5,5,3,4,4,3,3,3,3,3,4,3,3,3,3
4,6,6,3,2,2,29,4,2,3,3,3,2,2,2,4,4,8,3,11,2,2,3,4,5,2,3,4,3,4,2,2,6,2,2,2,4,4,6,7,3,2,2,5,2,7,2,3,4,4,2,3,3,2,2,2,2,2,3,2,2,2,2
7,9,9,6,5,5,32,7,5,6,6,6,5,5,5,7,7,11,6,14,5,5,6,7,8,5,6,7,6,7,5,5,9,5,5,5,7,7,9,10,6,5,5,8,7,5,5,6,7,7,5,6,6,5,5,5,5,5,6,5,5,5,5
2,4,4,1,0,0,27,2,0,1,1,1,0,0,0,2,2,6,1,9,0,0,1,2,3,0,1,2,1,2,0,0,4,0,0,0,2,2,4,5,1,0,0,3,2,5,0,1,2,2,0,1,1,0,0,0,0,0,1,0,0,0,0
3,5,5,2,1,1,28,3,1,2,2,2,1,1,1,3,3,7,2,10,1,1,2,3,4,1,2,3,2,3,1,1,5,1,1,1,3,3,5,6,2,1,1,4,3,6,1,1,3,3,1,2,2,1,1,1,1,1,2,1,1,1,1
4,6,6,3,2,2,29,4,2,3,3,3,2,2,2,4,4,8,3,11,2,2,3,4,5,2,3,4,3,4,2,2,6,2,2,2,4,4,6,7,3,2,2,5,4,7,2,3,2,4,2,3,3,2,2,2,2,2,3,2,2,2,2
4,6,6,3,2,2,29,4,2,3,3,3,2,2,2,4,4,8,3,11,2,2,3,4,5,2,3,4,3,4,2,2,6,2,2,2,4,4,6,7,3,2,2,5,4,7,2,3,4,2,2,3,3,2,2,2,2,2,3,2,2,2,2
2,4,4,1,0,0,27,2,0,1,1,1,0,0,0,2,2,6,1,9,0,0,1,2,3,0,1,2,1,2,0,0,4,0,0,0,2,2,4,5,1,0,0,3,2,5,0,1,2,2,0,1,1,0,0,0,0,0,1,0,0,0,0
3,5,5,2,1,1,28,3,1,2,2,2,1,1,1,3,3,7,2,10,1,1,2,3,4,1,2,3,2,3,1,1,5,1,1,1,3,3,5,6,2,1,1,4,3,6,1,2,3,3,1,1,2,1,1,1,1,1,2,1,1,1,1
3,5,5,2,1,1,28,3,1,2,2,2,1,1,1,3,3,7,2,10,1,1,2,3,4,1,2,3,2,3,1,1,5,1,1,1,3,3,5,6,2,1,1,4,3,6,1,2,3,3,1,2,1,1,1,1,1,1,2,1,1,1,1
2,4,4,1,0,0,27,2,0,1,1,1,0,0,0,2,2,6,1,9,0,0,1,2,3,0,1,2,1,2,0,0,4,0,0,0,2,2,4,5,1,0,0,3,2,5,0,1,2,2,0,1,1,0,0,0,0,0,1,0,0,0,0
2,4,4,1,0,0,27,2,0,1,1,1,0,0,0,2,2,6,1,9,0,0,1,2,3,0,1,2,1,2,0,0,4,0,0,0,2,2,4,5,1,0,0,3,2,5,0,1,2,2,0,1,1,0,0,0,0,0,1,0,0,0,0
2,4,4,1,0,0,27,2,0,1,1,1,0,0,0,2,2,6,1,9,0,0,1,2,3,0,1,2,1,2,0,0,4,0,0,0,2,2,4,5,1,0,0,3,2,5,0,1,2,2,0,1,1,0,0,0,0,0,1,0,0,0,0
2,4,4,1,0,0,27,2,0,1,1,1,0,0,0,2,2,6,1,9,0,0,1,2,3,0,1,2,1,2,0,0,4,0,0,0,2,2,4,5,1,0,0,3,2,5,0,1,2,2,0,1,1,0,0,0,0,0,1,0,0,0,0
2,4,4,1,0,0,27,2,0,1,1,1,0,0,0,2,2,6,1,9,0,0,1,2,3,0,1,2,1,2,0,0,4,0,0,0,2,2,4,5,1,0,0,3,2,5,0,1,2,2,0,1,1,0,0,0,0,0,1,0,0,0,0
3,5,5,2,1,1,28,3,1,2,2,2,1,1,1,3,3,7,2,10,1,1,2,3,4,1,2,3,2,3,1,1,5,1,1,1,3,3,5,6,2,1,1,4,3,6,1,2,3,3,1,2,2,1,1,1,1,1,1,1,1,1,1
2,4,4,1,0,0,27,2,0,1,1,1,0,0,0,2,2,6,1,9,0,0,1,2,3,0,1,2,1,2,0,0,4,0,0,0,2,2,4,5,1,0,0,3,2,5,0,1,2,2,0,1,1,0,0,0,0,0,1,0,0,0,0
2,4,4,1,0,0,27,2,0,1,1,1,0,0,0,2,2,6,1,9,0,0,1,2,3,0,1,2,1,2,0,0,4,0,0,0,2,2,4,5,1,0,0,3,2,5,0,1,2,2,0,1,1,0,0,0,0,0,1,0,0,0,0
2,4,4,1,0,0,27,2,0,1,1,1,0,0,0,2,2,6,1,9,0,0,1,2,3,0,1,2,1,2,0,0,4,0,0,0,2,2,4,5,1,0,0,3,2,5,0,1,2,2,0,1,1,0,0,0,0,0,1,0,0,0,0
2,4,4,1,0,0,27,2,0,1,1,1,0,0,0,2,2,6,1,9,0,0,1,2,3,0,1,2,1,2,0,0,4,0,0,0,2,2,4,5,1,0,0,3,2,5,0,1,2,2,0,1,1,0,0,0,0,0,1,0,0,0,0
