4,16,6,8,11,4,58,7,6,7,8,7,7,4,4,14,6,12,4,13,4,5,4,7,5,4,5,7,4,8,4,4,6,11,7,5,8,5,9,9,5,8,4,6,5,9,4,5,7,5,4,4,4,6,4,4,5,4,4,4,4,5,4
16,12,14,16,19,12,66,15,14,15,16,15,15,12,12,22,14,20,12,21,12,13,12,15,13,12,13,15,12,16,12,12,14,19,15,13,16,13,17,17,13,16,12,14,13,17,12,13,15,13,12,12,12,14,12,12,13,12,12,12,12,13,12
6,14,2,6,9,2,56,5,4,5,6,5,5,2,2,12,4,10,2,11,2,3,2,5,3,2,3,5,2,6,2,2,4,9,5,3,6,3,7,7,3,6,2,4,3,7,2,3,5,3,2,2,2,4,2,2,3,2,2,2,2,3,2
8,16,6,4,11,4,58,7,6,7,8,7,7,4,4,14,6,12,4,13,4,5,4,7,5,4,5,7,4,8,4,4,6,11,7,5,8,5,9,9,5,8,4,6,5,9,4,5,7,5,4,4,4,6,4,4,5,4,4,4,4,5,4
11,19,9,11,7,7,61,10,9,10,11,10,10,7,7,17,9,15,7,16,7,8,7,10,8,7,8,10,7,11,7,7,9,14,10,8,11,8,12,12,8,11,7,9,8,12,7,8,10,8,7,7,7,9,7,7,8,7,7,7,7,8,7
4,12,2,4,7,0,54,3,2,3,4,3,3,0,0,10,2,8,0,9,0,1,0,3,1,0,1,3,0,4,0,0,2,7,3,1,4,1,5,5,1,4,0,2,1,5,0,1,3,1,0,0,0,2,0,0,1,0,0,0,0,1,0
58,66,56,58,61,54,54,57,56,57,58,57,57,54,54,64,56,62,54,63,54,55,54,57,55,54,55,57,54,58,54,54,56,61,57,55,58,55,59,59,55,58,54,56,55,59,54,55,57,55,54,54,54,56,54,54,55,54,54,54,54,55,54
7,15,5,7,10,3,57,3,5,6,7,6,6,3,3,13,5,11,3,12,3,4,3,6,4,3,4,6,3,7,3,3,5,10,6,4,7,4,8,8,4,7,3,5,4,8,3,4,6,4,3,3,3,5,3,3,4,3,3,3,3,4,3
6,14,4,6,9,2,56,5,2,5,6,5,5,2,2,12,4,10,2,11,2,3,2,5,3,2,3,5,2,6,2,2,4,9,5,3,6,3,7,7,3,6,2,4,3,7,2,3,5,3,2,2,2,4,2,2,3,2,2,2,2,3,2
7,15,5,7,10,3,57,6,5,3,7,6,6,3,3,13,5,11,3,12,3,4,3,6,4,3,4,6,3,7,3,3,5,10,6,4,7,4,8,8,4,7,3,5,4,8,3,4,6,4,3,3,3,5,3,3,4,3,3,3,3,4,3
8,16,6,8,11,4,58,7,6,7,4,7,7,4,4,14,6,12,4,13,4,5,4,7,5,4,5,7,4,8,4,4,6,11,7,5,8,5,9,9,5,8,4,6,5,9,4,5,7,5,4,4,4,6,4,4,5,4,4,4,4,5,4
7,15,5,7,10,3,57,6,5,6,7,3,6,3,3,13,5,11,3,12,3,4,3,6,4,3,4,6,3,7,3,3,5,10,6,4,7,4,8,8,4,7,3,5,4,8,3,4,6,4,3,3,3,5,3,3,4,3,3,3,3,4,3
7,15,5,7,10,3,57,6,5,6,7,6,3,3,3,13,5,11,3,12,3,4,3,6,4,3,4,6,3,7,3,3,5,10,6,4,7,4,8,8,4,7,3,5,4,8,3,4,6,4,3,3,3,5,3,3,4,3,3,3,3,4,3
4,12,2,4,7,0,54,3,2,3,4,3,3,0,0,10,2,8,0,9,0,1,0,3,1,0,1,3,0,4,0,0,2,7,3,1,4,1,5,5,1,4,0,2,1,5,0,1,3,1,0,0,0,2,0,0,1,0,0,0,0,1,0
4,12,2,4,7,0,54,3,2,3,4,3,3,0,0,10,2,8,0,9,0,1,0,3,1,0,1,3,0,4,0,0,2,7,3,1,4,1,5,5,1,4,0,2,1,5,0,1,3,1,0,0,0,2,0,0,1,0,0,0,0,1,0
14,22,12,14,17,10,64,13,12,13,14,13,13,10,10,10,12,18,10,19,10,11,10,13,11,10,11,13,10,14,10,10,12,17,13,11,14,11,15,15,11,14,10,12,11,15,10,11,13,11,10,10,10,12,10,10,11,10,10,10,10,11,10
6,14,4,6,9,2,56,5,4,5,6,5,5,2,2,12,2,10,2,11,2,3,2,5,3,2,3,5,2,6,2,2,4,9,5,3,6,3,7,7,3,6,2,4,3,7,2,3,5,3,2,2,2,4,2,2,3,2,2,2,2,3,2
12,20,10,12,15,8,62,11,10,11,12,11,11,8,8,18,10,8,8,17,8,9,8,11,9,8,9,11,8,12,8,8,10,15,11,9,12,9,13,13,9,12,8,10,9,13,8,9,11,9,8,8,8,10,8,8,9,8,8,8,8,9,8
4,12,2,4,7,0,54,3,2,3,4,3,3,0,0,10,2,8,0,9,0,1,0,3,1,0,1,3,0,4,0,0,2,7,3,1,4,1,5,5,1,4,0,2,1,5,0,1,3,1,0,0,0,2,0,0,1,0,0,0,0,1,0
13,21,11,13,16,9,63,12,11,12,13,12,12,9,9,19,11,17,9,9,9,10,9,12,10,9,10,12,9,13,9,9,11,16,12,10,13,10,14,14,10,13,9,11,10,14,9,10,12,10,9,9,9,11,9,9,10,9,9,9,9,10,9
4,12,2,4,7,0,54,3,2,3,4,3,3,0,0,10,2,8,0,9,0,1,0,3,1,0,1,3,0,4,0,0,2,7,3,1,4,1,5,5,1,4,0,2,1,5,0,1,3,1,0,0,0,2,0,0,1,0,0,0,0,1,0
5,13,3,5,8,1,55,4,3,4,5,4,4,1,1,11,3,9,1,10,1,1,1,4,2,1,2,4,1,5,1,1,3,8,4,2,5,2,6,6,2,5,1,3,2,6,1,2,4,2,1,1,1,3,1,1,2,1,1,1,1,2,1
4,12,2,4,7,0,54,3,2,3,4,3,3,0,0,10,2,8,0,9,0,1,0,3,1,0,1,3,0,4,0,0,2,7,3,1,4,1,5,5,1,4,0,2,1,5,0,1,3,1,0,0,0,2,0,0,1,0,0,0,0,1,0
7,15,5,7,10,3,57,6,5,6,7,6,6,3,3,13,5,11,3,12,3,4,3,3,4,3,4,6,3,7,3,3,5,10,6,4,7,4,8,8,4,7,3,5,4,8,3,4,6,4,3,3,3,5,3,3,4,3,3,3,3,4,3
5,13,3,5,8,1,55,4,3,4,5,4,4,1,1,11,3,9,1,10,1,2,1,4,1,1,2,4,1,5,1,1,3,8,4,2,5,2,6,6,2,5,1,3,2,6,1,2,4,2,1,1,1,3,1,1,2,1,1,1,1,2,1
4,12,2,4,7,0,54,3,2,3,4,3,3,0,0,10,2,8,0,9,0,1,0,3,1,0,1,3,0,4,0,0,2,7,3,1,4,1,5,5,1,4,0,2,1,5,0,1,3,1,0,0,0,2,0,0,1,0,0,0,0,1,0
5,13,3,5,8,1,55,4,3,4,5,4,4,1,1,11,3,9,1,10,1,2,1,4,2,1,1,4,1,5,1,1,3,8,4,2,5,2,6,6,2,5,1,3,2,6,1,2,4,2,1,1,1,3,1,1,2,1,1,1,1,2,1
7,15,5,7,10,3,57,6,5,6,7,6,6,3,3,13,5,11,3,12,3,4,3,6,4,3,4,3,3,7,3,3,5,10,6,4,7,4,8,8,4,7,3,5,4,8,3,4,6,4,3,3,3,5,3,3,4,3,3,3,3,4,3
4,12,2,4,7,0,54,3,2,3,4,3,3,0,0,10,2,8,0,9,0,1,0,3,1,0,1,3,0,4,0,0,2,7,3,1,4,1,5,5,1,4,0,2,1,5,0,1,3,1,0,0,0,2,0,0,1,0,0,0,0,1,0
8,16,6,8,11,4,58,7,6,7,8,7,7,4,4,14,6,12,4,13,4,5,4,7,5,4,5,7,4,4,4,4,6,11,7,5,8,5,9,9,5,8,4,6,5,9,4,5,7,5,4,4,4,6,4,4,5,4,4,4,4,5,4
4,12,2,4,7,0,54,3,2,3,4,3,3,0,0,10,2,8,0,9,0,1,0,3,1,0,1,3,0,4,0,0,2,7,3,1,4,1,5,5,1,4,0,2,1,5,0,1,3,1,0,0,0,2,0,0,1,0,0,0,0,1,0
4,12,2,4,7,0,54,3,2,3,4,3,3,0,0,10,2,8,0,9,0,1,0,3,1,0,1,3,0,4,0,0,2,7,3,1,4,1,5,5,1,4,0,2,1,5,0,1,3,1,0,0,0,2,0,0,1,0,0,0,0,1,0
6,14,4,6,9,2,56,5,4,5,6,5,5,2,2,12,4,10,2,11,2,3,2,5,3,2,3,5,2,6,2,2,2,9,5,3,6,3,7,7,3,6,2,4,3,7,2,3,5,3,2,2,2,4,2,2,3,2,2,2,2,3,2
11,19,9,11,14,7,61,10,9,10,11,10,10,7,7,17,9,15,7,16,7,8,7,10,8,7,8,10,7,11,7,7,9,7,10,8,11,8,12,12,8,11,7,9,8,12,7,8,10,8,7,7,7,9,7,7,8,7,7,7,7,8,7
7,15,5,7,10,3,57,6,5,6,7,6,6,3,3,13,5,11,3,12,3,4,3,6,4,3,4,6,3,7,3,3,5,10,3,4,7,4,8,8,4,7,3,5,4,8,3,4,6,4,3,3,3,5,3,3,4,3,3,3,3,4,3
5,13,3,5,8,1,55,4,3,4,5,4,4,1,1,11,3,9,1,10,1,2,1,4,2,1,2,4,1,5,1,1,3,8,4,1,5,2,6,6,2,5,1,3,2,6,1,2,4,2,1,1,1,3,1,1,2,1,1,1,1,2,1
8,16,6,8,11,4,58,7,6,7,8,7,7,4,4,14,6,12,4,13,4,5,4,7,5,4,5,7,4,8,4,4,6,11,7,5,4,5,9,9,5,8,4,6,5,9,4,5,7,5,4,4,4,6,4,4,5,4,4,4,4,5,4
5,13,3,5,8,1,55,4,3,4,5,4,4,1,1,11,3,9,1,10,1,2,1,4,2,1,2,4,1,5,1,1,3,8,4,2,5,1,6,6,2,5,1,3,2,6,1,2,4,2,1,1,1,3,1,1,2,1,1,1,1,2,1
9,17,7,9,12,5,59,8,7,8,9,8,8,5,5,15,7,13,5,14,5,6,5,8,6,5,6,8,5,9,5,5,7,12,8,6,9,6,5,10,6,9,5,7,6,10,5,6,8,6,5,5,5,7,5,5,6,5,5,5,5,6,5
9,17,7,9,12,5,59,8,7,8,9,8,8,5,5,15,7,13,5,14,5,6,5,8,6,5,6,8,5,9,5,5,7,12,8,6,9,6,10,5,6,9,5,7,6,10,5,6,8,6,5,5,5,7,5,5,6,5,5,5,5,6,5
5,13,3,5,8,1,55,4,3,4,5,4,4,1,1,11,3,9,1,10,1,2,1,4,2,1,2,4,1,5,1,1,3,8,4,2,5,2,6,6,1,5,1,3,2,6,1,2,4,2,1,1,1,3,1,1,2,1,1,1,1,2,1
8,16,6,8,11,4,58,7,6,7,8,7,7,4,4,14,6,12,4,13,4,5,4,7,5,4,5,7,4,8,4,4,6,11,7,5,8,5,9,9,5,4,4,6,5,9,4,5,7,5,4,4,4,6,4,4,5,4,4,4,4,5,4
4,12,2,4,7,0,54,3,2,3,4,3,3,0,0,10,2,8,0,9,0,1,0,3,1,0,1,3,0,4,0,0,2,7,3,1,4,1,5,5,1,4,0,2,1,5,0,1,3,1,0,0,0,2,0,0,1,0,0,0,0,1,0
6,14,4,6,9,2,56,5,4,5,6,5,5,2,2,12,4,10,2,11,2,3,2,5,3,2,3,5,2,6,2,2,4,9,5,3,6,3,7,7,3,6,2,2,3,7,2,3,5,3,2,2,2,4,2,2,3,2,2,2,2,3,2
5,13,3,5,8,1,55,4,3,4,5,4,4,1,1,11,3,9,1,10,1,2,1,4,2,1,2,4,1,5,1,1,3,8,4,2,5,2,6,6,2,5,1,3,1,6,1,2,4,2,1,1,1,3,1,1,2,1,1,1,1,2,1
9,17,7,9,12,5,59,8,7,8,9,8,8,5,5,15,7,13,5,14,5,6,5,8,6,5,6,8,5,9,5,5,7,12,8,6,9,6,10,10,6,9,5,7,6,5,5,6,8,6,5,5,5,7,5,5,6,5,5,5,5,6,5
4,12,2,4,7,0,54,3,2,3,4,3,3,0,0,10,2,8,0,9,0,1,0,3,1,0,1,3,0,4,0,0,2,7,3,1,4,1,5,5,1,4,0,2,1,5,0,1,3,1,0,0,0,2,0,0,1,0,0,0,0,1,0
5,13,3,5,8,1,55,4,3,4,5,4,4,1,1,11,3,9,1,10,1,2,1,4,2,1,2,4,1,5,1,1,3,8,4,2,5,2,6,6,2,5,1,3,2,6,1,1,4,2,1,1,1,3,1,1,2,1,1,1,1,2,1
7,15,5,7,10,3,57,6,5,6,7,6,6,3,3,13,5,11,3,12,3,4,3,6,4,3,4,6,3,7,3,3,5,10,6,4,7,4,8,8,4,7,3,5,4,8,3,4,3,4,3,3,3,5,3,3,4,3,3,3,3,4,3
5,13,3,5,8,1,55,4,3,4,5,4,4,1,1,11,3,9,1,10,1,2,1,4,2,1,2,4,1,5,1,1,3,8,4,2,5,2,6,6,2,5,1,3,2,6,1,2,4,1,1,1,1,3,1,1,2,1,1,1,1,2,1
4,12,2,4,7,0,54,3,2,3,4,3,3,0,0,10,2,8,0,9,0,1,0,3,1,0,1,3,0,4,0,0,2,7,3,1,4,1,5,5,1,4,0,2,1,5,0,1,3,1,0,0,0,2,0,0,1,0,0,0,0,1,0
4,12,2,4,7,0,54,3,2,3,4,3,3,0,0,10,2,8,0,9,0,1,0,3,1,0,1,3,0,4,0,0,2,7,3,1,4,1,5,5,1,4,0,2,1,5,0,1,3,1,0,0,0,2,0,0,1,0,0,0,0,1,0
4,12,2,4,7,0,54,3,2,3,4,3,3,0,0,10,2,8,0,9,0,1,0,3,1,0,1,3,0,4,0,0,2,7,3,1,4,1,5,5,1,4,0,2,1,5,0,1,3,1,0,0,0,2,0,0,1,0,0,0,0,1,0
6,14,4,6,9,2,56,5,4,5,6,5,5,2,2,12,4,10,2,11,2,3,2,5,3,2,3,5,2,6,2,2,4,9,5,3,6,3,7,7,3,6,2,4,3,7,2,3,5,3,2,2,2,2,2,2,3,2,2,2,2,3,2
4,12,2,4,7,0,54,3,2,3,4,3,3,0,0,10,2,8,0,9,0,1,0,3,1,0,1,3,0,4,0,0,2,7,3,1,4,1,5,5,1,4,0,2,1,5,0,1,3,1,0,0,0,2,0,0,1,0,0,0,0,1,0
4,12,2,4,7,0,54,3,2,3,4,3,3,0,0,10,2,8,0,9,0,1,0,3,1,0,1,3,0,4,0,0,2,7,3,1,4,1,5,5,1,4,0,2,1,5,0,1,3,1,0,0,0,2,0,0,1,0,0,0,0,1,0
5,13,3,5,8,1,55,4,3,4,5,4,4,1,1,11,3,9,1,10,1,2,1,4,2,1,2,4,1,5,1,1,3,8,4,2,5,2,6,6,2,5,1,3,2,6,1,2,4,2,1,1,1,3,1,1,1,1,1,1,1,2,1
4,12,2,4,7,0,54,3,2,3,4,3,3,0,0,10,2,8,0,9,0,1,0,3,1,0,1,3,0,4,0,0,2,7,3,1,4,1,5,5,1,4,0,2,1,5,0,1,3,1,0,0,0,2,0,0,1,0,0,0,0,1,0
4,12,2,4,7,0,54,3,2,3,4,3,3,0,0,10,2,8,0,9,0,1,0,3,1,0,1,3,0,4,0,0,2,7,3,1,4,1,5,5,1,4,0,2,1,5,0,1,3,1,0,0,0,2,0,0,1,0,0,0,0,1,0
4,12,2,4,7,0,54,3,2,3,4,3,3,0,0,10,2,8,0,9,0,1,0,3,1,0,1,3,0,4,0,0,2,7,3,1,4,1,5,5,1,4,0,2,1,5,0,1,3,1,0,0,0,2,0,0,1,0,0,0,0,1,0
4,12,2,4,7,0,54,3,2,3,4,3,3,0,0,10,2,8,0,9,0,1,0,3,1,0,1,3,0,4,0,0,2,7,3,1,4,1,5,5,1,4,0,2,1,5,0,1,3,1,0,0,0,2,0,0,1,0,0,0,0,1,0
5,13,3,5,8,1,55,4,3,4,5,4,4,1,1,11,3,9,1,10,1,2,1,4,2,1,2,4,1,5,1,1,3,8,4,2,5,2,6,6,2,5,1,3,2,6,1,2,4,2,1,1,1,3,1,1,2,1,1,1,1,1,1
4,12,2,4,7,0,54,3,2,3,4,3,3,0,0,10,2,8,0,9,0,1,0,3,1,0,1,3,0,4,0,0,2,7,3,1,4,1,5,5,1,4,0,2,1,5,0,1,3,1,0,0,0,2,0,0,1,0,0,0,0,1,0
