1502,170,136,66,16,6,76,20,28,68,42,36,26,14,8,80,22,68,14,44,10,28,4,66,152,58,10,8,10,30,14,14,14,54,46,30,40,20,80,14,14,42,104,96,144,262,730,40,72,152,34,8,118,70,56,28,28,104,28,100,122,76,8
170,1038,102,6,4,6,62,6,10,40,8,6,2,4,0,12,14,16,16,22,0,0,2,18,30,8,2,4,6,12,2,10,4,24,18,8,26,6,28,16,8,8,10,38,38,50,22,28,14,16,12,0,22,6,22,50,8,6,10,18,12,6,2
136,102,1882,80,214,106,42,52,16,18,26,32,4,78,0,150,16,50,66,8,0,8,0,6,2,10,8,2,2,0,4,0,2,28,6,0,30,10,0,156,0,0,0,50,12,2,1166,2,0,2,0,0,92,0,2,0,0,68,114,8,44,58,0
66,6,80,2593,174,22,280,26,16,24,138,38,66,8,6,372,24,8,18,20,10,0,58,14,8,16,2,6,10,4,16,8,0,8,14,2,200,180,10,48,18,88,6,164,94,34,732,2,0,0,0,0,24,40,0,0,0,276,42,88,16,230,0
16,4,214,174,717,158,14,14,26,8,18,74,12,70,2,182,8,6,22,0,2,0,2,0,0,0,2,0,0,2,0,0,0,32,16,2,10,20,0,132,4,10,0,20,8,4,116,2,0,0,0,0,36,0,2,0,0,16,16,10,2,66,0
6,6,106,22,158,283,2,4,2,2,2,24,12,28,0,222,2,2,0,0,0,0,0,0,0,2,0,0,0,0,0,0,0,0,0,0,4,2,0,12,2,0,0,0,0,0,50,0,0,0,0,0,2,0,0,0,0,0,0,0,2,2,0
76,62,42,280,14,2,2288,170,52,530,60,38,58,14,52,206,96,32,36,90,4,36,102,18,28,58,14,20,34,30,26,4,0,12,12,0,24,80,10,12,18,18,64,62,8,138,226,8,2,0,0,2,112,44,12,4,0,14,2,4,4,234,0
20,6,52,26,14,4,170,377,96,120,22,64,0,4,8,70,4,70,0,72,2,10,8,20,2,6,8,4,4,10,0,0,0,8,2,0,16,4,0,8,2,4,2,2,0,106,60,2,0,0,0,0,0,0,2,0,0,4,0,0,16,16,0
28,10,16,16,26,2,52,96,670,404,38,170,10,52,22,98,0,0,0,0,0,16,2,4,12,8,6,0,2,2,0,0,0,10,2,0,2,6,4,12,16,4,8,2,0,8,64,4,0,0,0,0,0,0,0,0,0,0,0,0,8,6,0
68,40,18,24,8,2,530,120,404,1524,32,104,96,74,80,164,50,4,0,74,0,350,20,8,54,72,2,0,6,2,14,2,0,8,6,0,38,28,68,12,50,148,70,4,0,26,54,6,0,0,0,0,90,10,2,0,0,2,2,0,10,22,0
42,8,26,138,18,2,60,22,38,32,980,84,46,6,4,134,10,32,0,16,0,6,6,50,28,16,14,0,24,18,2,6,4,36,80,10,32,20,26,6,4,4,22,82,66,394,54,16,18,4,8,2,62,18,18,0,2,36,14,16,94,14,0
36,6,32,38,74,24,38,64,170,104,84,1218,510,174,56,496,34,2,2,8,0,10,10,2,0,14,4,0,0,0,6,0,0,82,8,0,6,6,12,14,26,34,18,0,0,0,28,4,0,0,0,0,132,12,0,0,0,0,2,2,2,4,0
26,2,4,66,12,12,58,0,10,96,46,510,1327,72,28,246,242,0,0,6,0,30,94,32,86,140,22,0,0,0,22,2,0,212,20,0,22,6,94,2,10,60,118,12,4,2,8,14,0,4,2,0,934,162,14,0,0,0,0,12,8,4,0
14,4,78,8,70,28,14,4,52,74,6,174,72,384,76,66,8,0,4,2,0,10,0,0,2,0,0,0,0,0,0,0,0,22,4,0,4,10,4,80,88,34,10,0,0,0,72,0,0,0,0,0,30,4,0,0,0,2,0,2,0,2,0
8,0,0,6,2,0,52,8,22,80,4,56,28,76,168,60,6,0,0,0,0,6,6,0,0,0,0,0,0,0,0,0,0,52,2,0,0,2,2,0,56,30,16,2,0,0,0,0,0,0,0,0,8,0,0,0,0,0,0,0,0,0,0
80,12,150,372,182,222,206,70,98,164,134,496,246,66,60,2105,222,8,18,80,4,30,8,0,6,24,16,2,0,0,48,0,0,28,6,0,186,64,44,50,84,226,12,16,8,4,130,2,6,0,0,0,78,66,8,2,0,0,2,18,4,44,0
22,14,16,24,8,2,96,4,0,50,10,34,242,8,6,222,750,0,34,18,2,46,38,16,42,62,10,2,4,12,306,8,0,88,28,2,34,4,166,128,14,72,92,26,0,8,6,4,2,2,4,6,214,14,14,0,0,0,2,6,4,0,0
68,16,50,8,6,2,32,70,0,4,32,2,0,0,0,8,0,857,128,94,26,14,66,58,48,40,76,50,96,122,14,28,38,142,54,108,0,20,2,112,0,2,26,28,10,112,44,2,12,6,0,0,6,0,0,0,0,108,8,2,18,4,0
14,16,66,18,22,0,36,0,0,0,0,2,0,4,0,18,34,128,678,36,20,6,0,16,28,198,8,4,8,68,44,2,10,154,66,48,12,30,24,134,4,12,38,178,20,18,30,2,24,16,0,0,26,18,2,0,8,4,14,22,2,16,0
44,22,8,20,0,0,90,72,0,74,16,8,6,2,0,80,18,94,36,1455,128,184,76,68,100,110,42,52,182,82,8,22,50,192,144,2,12,6,40,14,0,80,34,18,6,130,14,2,12,44,6,2,26,0,8,0,4,2,0,4,24,10,0
10,0,0,10,2,0,4,2,0,0,0,0,0,0,0,4,2,26,20,128,371,54,6,4,240,10,4,0,46,14,6,2,18,48,48,4,0,10,12,4,0,2,22,84,0,62,0,0,18,8,16,0,2,2,2,0,6,4,0,2,0,8,0
28,0,8,0,0,0,36,10,16,350,6,10,30,10,6,30,46,14,6,184,54,829,24,8,82,46,2,4,16,20,6,12,2,126,58,2,8,2,170,6,20,118,182,14,0,10,0,0,0,0,0,0,116,0,22,0,0,0,0,0,4,0,0
4,2,0,58,2,0,102,8,2,20,6,10,94,0,6,8,38,66,0,76,6,24,638,80,58,8,56,24,120,110,14,54,18,20,32,0,2,2,2,0,2,6,8,28,28,110,8,8,2,6,6,4,118,34,4,2,0,0,0,4,2,10,0
66,18,6,14,0,0,18,20,4,8,50,2,32,0,0,0,16,58,16,68,4,8,80,2962,508,598,76,12,40,26,4,42,94,32,374,96,2,0,28,40,16,2,114,104,8,1028,62,230,42,86,50,34,210,42,2,8,8,24,20,364,396,38,0
152,30,2,8,0,0,28,2,12,54,28,0,86,2,0,6,42,48,28,100,240,82,58,508,5971,700,58,6,42,88,34,40,182,172,596,304,0,10,198,8,4,8,796,216,10,2546,44,50,560,1446,616,336,746,288,104,36,124,18,16,376,150,8,0
58,8,10,16,0,2,58,6,8,72,16,14,140,0,0,24,62,40,198,110,10,46,8,598,700,2146,76,0,14,2,6,0,10,32,48,18,14,8,292,198,32,140,428,92,26,174,80,552,34,196,62,12,400,156,52,10,16,14,48,154,104,56,0
10,2,8,2,2,0,14,8,6,2,14,4,22,0,0,16,10,76,8,42,4,2,56,76,58,76,466,10,12,20,6,16,10,26,38,2,2,0,4,8,0,0,8,22,4,36,4,12,2,4,2,0,40,12,0,0,0,2,12,38,28,10,0
8,4,2,6,0,0,20,4,0,0,0,0,0,0,0,2,2,50,4,52,0,4,24,12,6,0,10,215,24,58,6,2,2,50,18,2,0,6,0,6,0,0,2,6,0,32,0,0,0,0,0,0,2,0,0,0,0,0,2,0,0,6,0
10,6,2,10,0,0,34,4,2,6,24,0,0,0,0,0,4,96,8,182,46,16,120,40,42,14,12,24,1192,186,10,22,26,168,94,16,0,8,4,10,0,0,2,40,24,594,56,0,14,8,0,0,6,4,0,0,4,18,0,14,46,34,0
30,12,0,4,2,0,30,10,2,2,18,0,0,0,0,0,12,122,68,82,14,20,110,26,88,2,20,58,186,893,108,56,28,208,96,6,0,4,6,0,0,0,2,60,24,200,34,2,6,20,8,0,20,6,0,0,10,0,2,14,18,130,0
14,2,4,16,0,0,26,0,0,14,2,6,22,0,0,48,306,14,44,8,6,6,14,4,34,6,6,6,10,108,355,18,0,94,38,0,8,0,32,8,2,8,22,40,0,8,2,0,0,0,0,0,26,0,0,0,0,2,2,4,0,8,0
14,10,0,8,0,0,4,0,0,2,6,0,2,0,0,0,8,28,2,22,2,12,54,42,40,0,16,2,22,56,18,294,32,90,32,0,0,6,28,0,0,0,6,24,12,92,14,2,32,20,2,12,10,0,2,0,4,0,2,60,8,6,0
14,4,2,0,0,0,0,0,0,0,4,0,0,0,0,0,0,38,10,50,18,2,18,94,182,10,10,2,26,28,0,32,594,18,178,12,0,2,2,4,2,0,8,26,6,412,2,4,82,48,36,14,16,70,0,24,18,4,4,60,18,6,0
54,24,28,8,32,0,12,8,10,8,36,82,212,22,52,28,88,142,154,192,48,126,20,32,172,32,26,50,168,208,94,90,18,2264,1008,68,6,50,30,134,14,14,126,186,18,38,6,4,14,6,4,0,370,62,16,0,2,14,6,10,10,10,0
46,18,6,14,16,0,12,2,2,6,80,8,20,4,2,6,28,54,66,144,48,58,32,374,596,48,38,18,94,96,38,32,178,1008,2191,140,0,20,0,198,24,8,140,156,6,286,12,8,32,24,16,4,252,56,8,2,4,26,30,38,68,8,0
30,8,0,2,2,0,0,0,0,0,10,0,0,0,0,0,2,108,48,2,4,2,0,96,304,18,2,2,16,6,0,0,12,68,140,1394,0,32,74,44,4,2,98,46,20,280,22,58,164,48,4,26,6,6,0,0,14,556,136,80,464,2,0
40,26,30,200,10,4,24,16,2,38,32,6,22,4,0,186,34,0,12,12,0,8,2,2,0,14,2,0,0,0,8,0,0,6,0,0,593,144,66,6,4,30,16,2,4,56,64,4,2,0,2,0,4,20,12,2,0,6,0,6,0,34,0
20,6,10,180,20,2,80,4,6,28,20,6,6,10,2,64,4,20,30,6,10,2,2,0,10,8,0,6,8,4,0,6,2,50,20,32,144,620,62,30,16,56,8,52,10,26,110,2,4,0,0,0,4,34,0,0,0,108,10,8,0,6,0
80,28,0,10,0,0,10,0,4,68,26,12,94,4,2,44,166,2,24,40,12,170,2,28,198,292,4,0,4,6,32,28,2,30,0,74,66,62,2298,26,42,248,684,18,14,16,24,80,28,28,16,4,548,18,822,16,2,4,2,12,12,0,0
14,16,156,48,132,12,12,8,12,12,6,14,2,80,0,50,128,112,134,14,4,6,0,40,8,198,8,6,10,0,8,0,4,134,198,44,6,30,26,1288,88,66,14,20,10,12,40,6,0,0,0,0,8,4,2,0,0,16,44,4,10,8,0
14,8,0,18,4,2,18,2,16,50,4,26,10,88,56,84,14,0,4,0,0,20,2,16,4,32,0,0,0,0,2,0,2,14,24,4,4,16,42,88,458,242,48,0,0,2,12,4,0,0,0,0,34,2,2,0,0,0,4,0,6,0,0
42,8,0,88,10,0,18,4,4,148,4,34,60,34,30,226,72,2,12,80,2,118,6,2,8,140,0,0,0,0,8,0,0,14,8,2,30,56,248,66,242,1040,208,10,0,2,20,4,2,4,0,0,174,24,32,0,0,4,0,8,4,4,0
104,10,0,6,0,0,64,2,8,70,22,18,118,10,16,12,92,26,38,34,22,182,8,114,796,428,8,2,2,2,22,6,8,126,140,98,16,8,684,14,48,208,1601,118,4,44,20,42,10,58,24,6,710,72,148,10,10,22,2,16,28,10,0
96,38,50,164,20,0,62,2,2,4,82,0,12,0,2,16,26,28,178,18,84,14,28,104,216,92,22,6,40,60,40,24,26,186,156,46,2,52,18,20,0,10,118,3708,946,244,190,30,20,48,8,10,176,710,6,6,6,744,140,196,258,124,0
144,38,12,94,8,0,8,0,0,0,66,0,4,0,0,8,0,10,20,6,0,0,28,8,10,26,4,0,24,24,0,12,6,18,6,20,4,10,14,10,0,0,4,946,3916,524,164,6,26,8,8,2,8,6,0,6,42,200,462,180,126,128,0
262,50,2,34,4,0,138,106,8,26,394,0,2,0,0,4,8,112,18,130,62,10,110,1028,2546,174,36,32,594,200,8,92,412,38,286,280,56,26,16,12,2,2,44,244,524,5231,530,92,390,858,294,138,140,130,6,20,96,656,34,258,226,158,0
730,22,1166,732,116,50,226,60,64,54,54,28,8,72,0,130,6,44,30,14,0,0,8,62,44,80,4,0,56,34,2,14,2,6,12,22,64,110,24,40,12,20,20,190,164,530,5837,58,44,18,14,4,20,54,10,8,4,556,146,268,248,660,0
40,28,2,2,2,0,8,2,4,6,16,4,14,0,0,2,4,2,2,2,0,0,8,230,50,552,12,0,0,2,0,2,4,4,8,58,4,2,80,6,4,4,42,30,6,92,58,1178,244,72,50,6,138,38,34,48,8,10,10,26,178,6,0
72,14,0,0,0,0,2,0,0,0,18,0,0,0,0,6,2,12,24,12,18,0,2,42,560,34,2,0,14,6,0,32,82,14,32,164,2,4,28,0,0,2,10,20,26,390,44,244,3653,496,60,426,10,74,6,2,146,46,0,48,146,2,0
152,16,2,0,0,0,0,0,0,0,4,0,4,0,0,0,2,6,16,44,8,0,6,86,1446,196,4,0,8,20,0,20,48,6,24,48,0,0,28,0,0,4,58,48,8,858,18,72,496,4402,116,990,38,328,80,116,568,14,2,120,22,10,0
34,12,0,0,0,0,0,0,0,0,8,0,2,0,0,0,4,0,0,6,16,0,6,50,616,62,2,0,0,8,0,2,36,4,16,4,2,0,16,0,0,0,24,8,8,294,14,50,60,116,582,24,62,52,8,22,24,6,2,32,10,28,0
8,0,0,0,0,0,2,0,0,0,2,0,0,0,0,0,6,0,0,2,0,0,4,34,336,12,0,0,0,0,0,12,14,0,4,26,0,0,4,0,0,0,6,10,2,138,4,6,426,990,24,870,2,36,10,6,28,2,6,62,8,0,0
118,22,92,24,36,2,112,0,0,90,62,132,934,30,8,78,214,6,26,26,2,116,118,210,746,400,40,2,6,20,26,10,16,370,252,6,4,4,548,8,34,174,710,176,8,140,20,138,10,38,62,2,2968,502,438,6,2,0,0,24,4,42,0
70,6,0,40,0,0,44,0,0,10,18,12,162,4,0,66,14,0,18,0,2,0,34,42,288,156,12,0,4,6,0,0,70,62,56,6,20,34,18,4,2,24,72,710,6,130,54,38,74,328,52,36,502,1313,18,18,4,12,0,52,8,10,0
56,22,2,0,2,0,12,2,0,2,18,0,14,0,0,8,14,0,2,8,2,22,4,2,104,52,0,0,0,0,0,2,0,16,8,0,12,0,822,2,2,32,148,6,0,6,10,34,6,80,8,10,438,18,878,30,0,0,0,2,0,2,0
28,50,0,0,0,0,4,0,0,0,0,0,0,0,0,2,0,0,0,0,0,0,2,8,36,10,0,0,0,0,0,0,24,0,2,0,2,0,16,0,0,0,10,6,6,20,8,48,2,116,22,6,6,18,30,176,12,0,0,2,0,6,0
28,8,0,0,0,0,0,0,0,0,2,0,0,0,0,0,0,0,8,4,6,0,0,8,124,16,0,0,4,10,0,4,18,2,4,14,0,0,2,0,0,0,10,6,42,96,4,8,146,568,24,28,2,4,0,12,452,4,4,34,10,4,0
104,6,68,276,16,0,14,4,0,2,36,0,0,2,0,0,0,108,4,2,4,0,0,24,18,14,2,0,18,0,2,0,4,14,26,556,6,108,4,16,0,4,22,744,200,656,556,10,46,14,6,2,0,12,0,0,4,3746,532,138,362,112,0
28,10,114,42,16,0,2,0,0,2,14,2,0,0,0,2,2,8,14,0,0,0,0,20,16,48,12,2,0,2,2,2,4,6,30,136,0,10,2,44,4,0,2,140,462,34,146,10,0,2,2,6,0,0,0,0,4,532,2266,142,246,24,0
100,18,8,88,10,0,4,0,0,0,16,2,12,2,0,18,6,2,22,4,2,0,4,364,376,154,38,0,14,14,4,60,60,10,38,80,6,8,12,4,0,8,16,196,180,258,268,26,48,120,32,62,24,52,2,2,34,138,142,1521,182,32,0
122,12,44,16,2,2,4,16,8,10,94,2,8,0,0,4,4,18,2,24,0,4,2,396,150,104,28,0,46,18,0,8,18,10,68,464,0,0,12,10,6,4,28,258,126,226,248,178,146,22,10,8,4,8,0,0,10,362,246,182,3888,242,0
76,6,58,230,66,2,234,16,6,22,14,4,4,2,0,44,0,4,16,10,8,0,10,38,8,56,10,6,34,130,8,6,6,10,8,2,34,6,0,8,0,4,10,124,128,158,660,6,2,10,28,0,42,10,2,6,4,112,24,32,242,1513,0
8,2,0,0,0,0,0,0,0,0,0,0,0,0,0,0,0,0,0,0,0,0,0,0,0,0,0,0,0,0,0,0,0,0,0,0,0,0,0,0,0,0,0,0,0,0,0,0,0,0,0,0,0,0,0,0,0,0,0,0,0,0,8
