0,4,5,0,0,0,39,3,0,1,1,0,2,0,0,8,1,3,3,1,0,0,1,4,1,0,0,1,0,2,1,0,1,1,3,0,2,3,6,7,0,0,1,6,3,3,0,3,4,1,1,0,0,0,0,0,0,0,1,0,0,0,0
4,4,9,4,4,4,43,7,4,5,5,4,6,4,4,12,5,7,7,5,4,4,5,8,5,4,4,5,4,6,5,4,5,5,7,4,6,7,10,11,4,4,5,10,7,7,4,7,8,5,5,4,4,4,4,4,4,4,5,4,4,4,4
5,9,5,5,5,5,44,8,5,6,6,5,7,5,5,13,6,8,8,6,5,5,6,9,6,5,5,6,5,7,6,5,6,6,8,5,7,8,11,12,5,5,6,11,8,8,5,8,9,6,6,5,5,5,5,5,5,5,6,5,5,5,5
0,4,5,0,0,0,39,3,0,1,1,0,2,0,0,8,1,3,3,1,0,0,1,4,1,0,0,1,0,2,1,0,1,1,3,0,2,3,6,7,0,0,1,6,3,3,0,3,4,1,1,0,0,0,0,0,0,0,1,0,0,0,0
0,4,5,0,0,0,39,3,0,1,1,0,2,0,0,8,1,3,3,1,0,0,1,4,1,0,0,1,0,2,1,0,1,1,3,0,2,3,6,7,0,0,1,6,3,3,0,3,4,1,1,0,0,0,0,0,0,0,1,0,0,0,0
0,4,5,0,0,0,39,3,0,1,1,0,2,0,0,8,1,3,3,1,0,0,1,4,1,0,0,1,0,2,1,0,1,1,3,0,2,3,6,7,0,0,1,6,3,3,0,3,4,1,1,0,0,0,0,0,0,0,1,0,0,0,0
39,43,44,39,39,39,39,42,39,40,40,39,41,39,39,47,40,42,42,40,39,39,40,43,40,39,39,40,39,41,40,39,40,40,42,39,41,42,45,46,39,39,40,45,42,42,39,42,43,40,40,39,39,39,39,39,39,39,40,39,39,39,39
3,7,8,3,3,3,42,3,3,4,4,3,5,3,3,11,4,6,6,4,3,3,4,7,4,3,3,4,3,5,4,3,4,4,6,3,5,6,9,10,3,3,4,9,6,6,3,6,7,4,4,3,3,3,3,3,3,3,4,3,3,3,3
0,4,5,0,0,0,39,3,0,1,1,0,2,0,0,8,1,3,3,1,0,0,1,4,1,0,0,1,0,2,1,0,1,1,3,0,2,3,6,7,0,0,1,6,3,3,0,3,4,1,1,0,0,0,0,0,0,0,1,0,0,0,0
1,5,6,1,1,1,40,4,1,1,2,1,3,1,1,9,2,4,4,2,1,1,2,5,2,1,1,2,1,3,2,1,2,2,4,1,3,4,7,8,1,1,2,7,4,4,1,4,5,2,2,1,1,1,1,1,1,1,2,1,1,1,1
1,5,6,1,1,1,40,4,1,2,1,1,3,1,1,9,2,4,4,2,1,1,2,5,2,1,1,2,1,3,2,1,2,2,4,1,3,4,7,8,1,1,2,7,4,4,1,4,5,2,2,1,1,1,1,1,1,1,2,1,1,1,1
0,4,5,0,0,0,39,3,0,1,1,0,2,0,0,8,1,3,3,1,0,0,1,4,1,0,0,1,0,2,1,0,1,1,3,0,2,3,6,7,0,0,1,6,3,3,0,3,4,1,1,0,0,0,0,0,0,0,1,0,0,0,0
2,6,7,2,2,2,41,5,2,3,3,2,2,2,2,10,3,5,5,3,2,2,3,6,3,2,2,3,2,4,3,2,3,3,5,2,4,5,8,9,2,2,3,8,5,5,2,5,6,3,3,2,2,2,2,2,2,2,3,2,2,2,2
0,4,5,0,0,0,39,3,0,1,1,0,2,0,0,8,1,3,3,1,0,0,1,4,1,0,0,1,0,2,1,0,1,1,3,0,2,3,6,7,0,0,1,6,3,3,0,3,4,1,1,0,0,0,0,0,0,0,1,0,0,0,0
0,4,5,0,0,0,39,3,0,1,1,0,2,0,0,8,1,3,3,1,0,0,1,4,1,0,0,1,0,2,1,0,1,1,3,0,2,3,6,7,0,0,1,6,3,3,0,3,4,1,1,0,0,0,0,0,0,0,1,0,0,0,0
8,12,13,8,8,8,47,11,8,9,9,8,10,8,8,8,9,11,11,9,8,8,9,12,9,8,8,9,8,10,9,8,9,9,11,8,10,11,14,15,8,8,9,14,11,11,8,11,12,9,9,8,8,8,8,8,8,8,9,8,8,8,8
1,5,6,1,1,1,40,4,1,2,2,1,3,1,1,9,1,4,4,2,1,1,2,5,2,1,1,2,1,3,2,1,2,2,4,1,3,4,7,8,1,1,2,7,4,4,1,4,5,2,2,1,1,1,1,1,1,1,2,1,1,1,1
3,7,8,3,3,3,42,6,3,4,4,3,5,3,3,11,4,3,6,4,3,3,4,7,4,3,3,4,3,5,4,3,4,4,6,3,5,6,9,10,3,3,4,9,6,6,3,6,7,4,4,3,3,3,3,3,3,3,4,3,3,3,3
3,7,8,3,3,3,42,6,3,4,4,3,5,3,3,11,4,6,3,4,3,3,4,7,4,3,3,4,3,5,4,3,4,4,6,3,5,6,9,10,3,3,4,9,6,6,3,6,7,4,4,3,3,3,3,3,3,3,4,3,3,3,3
1,5,6,1,1,1,40,4,1,2,2,1,3,1,1,9,2,4,4,1,1,1,2,5,2,1,1,2,1,3,2,1,2,2,4,1,3,4,7,8,1,1,2,7,4,4,1,4,5,2,2,1,1,1,1,1,1,1,2,1,1,1,1
0,4,5,0,0,0,39,3,0,1,1,0,2,0,0,8,1,3,3,1,0,0,1,4,1,0,0,1,0,2,1,0,1,1,3,0,2,3,6,7,0,0,1,6,3,3,0,3,4,1,1,0,0,0,0,0,0,0,1,0,0,0,0
0,4,5,0,0,0,39,3,0,1,1,0,2,0,0,8,1,3,3,1,0,0,1,4,1,0,0,1,0,2,1,0,1,1,3,0,2,3,6,7,0,0,1,6,3,3,0,3,4,1,1,0,0,0,0,0,0,0,1,0,0,0,0
1,5,6,1,1,1,40,4,1,2,2,1,3,1,1,9,2,4,4,2,1,1,1,5,2,1,1,2,1,3,2,1,2,2,4,1,3,4,7,8,1,1,2,7,4,4,1,4,5,2,2,1,1,1,1,1,1,1,2,1,1,1,1
4,8,9,4,4,4,43,7,4,5,5,4,6,4,4,12,5,7,7,5,4,4,5,4,5,4,4,5,4,6,5,4,5,5,7,4,6,7,10,11,4,4,5,10,7,7,4,7,8,5,5,4,4,4,4,4,4,4,5,4,4,4,4
1,5,6,1,1,1,40,4,1,2,2,1,3,1,1,9,2,4,4,2,1,1,2,5,1,1,1,2,1,3,2,1,2,2,4,1,3,4,7,8,1,1,2,7,4,4,1,4,5,2,2,1,1,1,1,1,1,1,2,1,1,1,1
0,4,5,0,0,0,39,3,0,1,1,0,2,0,0,8,1,3,3,1,0,0,1,4,1,0,0,1,0,2,1,0,1,1,3,0,2,3,6,7,0,0,1,6,3,3,0,3,4,1,1,0,0,0,0,0,0,0,1,0,0,0,0
0,4,5,0,0,0,39,3,0,1,1,0,2,0,0,8,1,3,3,1,0,0,1,4,1,0,0,1,0,2,1,0,1,1,3,0,2,3,6,7,0,0,1,6,3,3,0,3,4,1,1,0,0,0,0,0,0,0,1,0,0,0,0
1,5,6,1,1,1,40,4,1,2,2,1,3,1,1,9,2,4,4,2,1,1,2,5,2,1,1,1,1,3,2,1,2,2,4,1,3,4,7,8,1,1,2,7,4,4,1,4,5,2,2,1,1,1,1,1,1,1,2,1,1,1,1
0,4,5,0,0,0,39,3,0,1,1,0,2,0,0,8,1,3,3,1,0,0,1,4,1,0,0,1,0,2,1,0,1,1,3,0,2,3,6,7,0,0,1,6,3,3,0,3,4,1,1,0,0,0,0,0,0,0,1,0,0,0,0
2,6,7,2,2,2,41,5,2,3,3,2,4,2,2,10,3,5,5,3,2,2,3,6,3,2,2,3,2,2,3,2,3,3,5,2,4,5,8,9,2,2,3,8,5,5,2,5,6,3,3,2,2,2,2,2,2,2,3,2,2,2,2
1,5,6,1,1,1,40,4,1,2,2,1,3,1,1,9,2,4,4,2,1,1,2,5,2,1,1,2,1,3,1,1,2,2,4,1,3,4,7,8,1,1,2,7,4,4,1,4,5,2,2,1,1,1,1,1,1,1,2,1,1,1,1
0,4,5,0,0,0,39,3,0,1,1,0,2,0,0,8,1,3,3,1,0,0,1,4,1,0,0,1,0,2,1,0,1,1,3,0,2,3,6,7,0,0,1,6,3,3,0,3,4,1,1,0,0,0,0,0,0,0,1,0,0,0,0
1,5,6,1,1,1,40,4,1,2,2,1,3,1,1,9,2,4,4,2,1,1,2,5,2,1,1,2,1,3,2,1,1,2,4,1,3,4,7,8,1,1,2,7,4,4,1,4,5,2,2,1,1,1,1,1,1,1,2,1,1,1,1
1,5,6,1,1,1,40,4,1,2,2,1,3,1,1,9,2,4,4,2,1,1,2,5,2,1,1,2,1,3,2,1,2,1,4,1,3,4,7,8,1,1,2,7,4,4,1,4,5,2,2,1,1,1,1,1,1,1,2,1,1,1,1
3,7,8,3,3,3,42,6,3,4,4,3,5,3,3,11,4,6,6,4,3,3,4,7,4,3,3,4,3,5,4,3,4,4,3,3,5,6,9,10,3,3,4,9,6,6,3,6,7,4,4,3,3,3,3,3,3,3,4,3,3,3,3
0,4,5,0,0,0,39,3,0,1,1,0,2,0,0,8,1,3,3,1,0,0,1,4,1,0,0,1,0,2,1,0,1,1,3,0,2,3,6,7,0,0,1,6,3,3,0,3,4,1,1,0,0,0,0,0,0,0,1,0,0,0,0
2,6,7,2,2,2,41,5,2,3,3,2,4,2,2,10,3,5,5,3,2,2,3,6,3,2,2,3,2,4,3,2,3,3,5,2,2,5,8,9,2,2,3,8,5,5,2,5,6,3,3,2,2,2,2,2,2,2,3,2,2,2,2
3,7,8,3,3,3,42,6,3,4,4,3,5,3,3,11,4,6,6,4,3,3,4,7,4,3,3,4,3,5,4,3,4,4,6,3,5,3,9,10,3,3,4,9,6,6,3,6,7,4,4,3,3,3,3,3,3,3,4,3,3,3,3
6,10,11,6,6,6,45,9,6,7,7,6,8,6,6,14,7,9,9,7,6,6,7,10,7,6,6,7,6,8,7,6,7,7,9,6,8,9,6,13,6,6,7,12,9,9,6,9,10,7,7,6,6,6,6,6,6,6,7,6,6,6,6
7,11,12,7,7,7,46,10,7,8,8,7,9,7,7,15,8,10,10,8,7,7,8,11,8,7,7,8,7,9,8,7,8,8,10,7,9,10,13,7,7,7,8,13,10,10,7,10,11,8,8,7,7,7,7,7,7,7,8,7,7,7,7
0,4,5,0,0,0,39,3,0,1,1,0,2,0,0,8,1,3,3,1,0,0,1,4,1,0,0,1,0,2,1,0,1,1,3,0,2,3,6,7,0,0,1,6,3,3,0,3,4,1,1,0,0,0,0,0,0,0,1,0,0,0,0
0,4,5,0,0,0,39,3,0,1,1,0,2,0,0,8,1,3,3,1,0,0,1,4,1,0,0,1,0,2,1,0,1,1,3,0,2,3,6,7,0,0,1,6,3,3,0,3,4,1,1,0,0,0,0,0,0,0,1,0,0,0,0
1,5,6,1,1,1,40,4,1,2,2,1,3,1,1,9,2,4,4,2,1,1,2,5,2,1,1,2,1,3,2,1,2,2,4,1,3,4,7,8,1,1,1,7,4,4,1,4,5,2,2,1,1,1,1,1,1,1,2,1,1,1,1
6,10,11,6,6,6,45,9,6,7,7,6,8,6,6,14,7,9,9,7,6,6,7,10,7,6,6,7,6,8,7,6,7,7,9,6,8,9,12,13,6,6,7,6,9,9,6,9,10,7,7,6,6,6,6,6,6,6,7,6,6,6,6
3,7,8,3,3,3,42,6,3,4,4,3,5,3,3,11,4,6,6,4,3,3,4,7,4,3,3,4,3,5,4,3,4,4,6,3,5,6,9,10,3,3,4,9,3,6,3,6,7,4,4,3,3,3,3,3,3,3,4,3,3,3,3
3,7,8,3,3,3,42,6,3,4,4,3,5,3,3,11,4,6,6,4,3,3,4,7,4,3,3,4,3,5,4,3,4,4,6,3,5,6,9,10,3,3,4,9,6,3,3,6,7,4,4,3,3,3,3,3,3,3,4,3,3,3,3
0,4,5,0,0,0,39,3,0,1,1,0,2,0,0,8,1,3,3,1,0,0,1,4,1,0,0,1,0,2,1,0,1,1,3,0,2,3,6,7,0,0,1,6,3,3,0,3,4,1,1,0,0,0,0,0,0,0,1,0,0,0,0
3,7,8,3,3,3,42,6,3,4,4,3,5,3,3,11,4,6,6,4,3,3,4,7,4,3,3,4,3,5,4,3,4,4,6,3,5,6,9,10,3,3,4,9,6,6,3,3,7,4,4,3,3,3,3,3,3,3,4,3,3,3,3
4,8,9,4,4,4,43,7,4,5,5,4,6,4,4,12,5,7,7,5,4,4,5,8,5,4,4,5,4,6,5,4,5,5,7,4,6,7,10,11,4,4,5,10,7,7,4,7,4,5,5,4,4,4,4,4,4,4,5,4,4,4,4
1,5,6,1,1,1,40,4,1,2,2,1,3,1,1,9,2,4,4,2,1,1,2,5,2,1,1,2,1,3,2,1,2,2,4,1,3,4,7,8,1,1,2,7,4,4,1,4,5,1,2,1,1,1,1,1,1,1,2,1,1,1,1
1,5,6,1,1,1,40,4,1,2,2,1,3,1,1,9,2,4,4,2,1,1,2,5,2,1,1,2,1,3,2,1,2,2,4,1,3,4,7,8,1,1,2,7,4,4,1,4,5,2,1,1,1,1,1,1,1,1,2,1,1,1,1
0,4,5,0,0,0,39,3,0,1,1,0,2,0,0,8,1,3,3,1,0,0,1,4,1,0,0,1,0,2,1,0,1,1,3,0,2,3,6,7,0,0,1,6,3,3,0,3,4,1,1,0,0,0,0,0,0,0,1,0,0,0,0
0,4,5,0,0,0,39,3,0,1,1,0,2,0,0,8,1,3,3,1,0,0,1,4,1,0,0,1,0,2,1,0,1,1,3,0,2,3,6,7,0,0,1,6,3,3,0,3,4,1,1,0,0,0,0,0,0,0,1,0,0,0,0
0,4,5,0,0,0,39,3,0,1,1,0,2,0,0,8,1,3,3,1,0,0,1,4,1,0,0,1,0,2,1,0,1,1,3,0,2,3,6,7,0,0,1,6,3,3,0,3,4,1,1,0,0,0,0,0,0,0,1,0,0,0,0
0,4,5,0,0,0,39,3,0,1,1,0,2,0,0,8,1,3,3,1,0,0,1,4,1,0,0,1,0,2,1,0,1,1,3,0,2,3,6,7,0,0,1,6,3,3,0,3,4,1,1,0,0,0,0,0,0,0,1,0,0,0,0
0,4,5,0,0,0,39,3,0,1,1,0,2,0,0,8,1,3,3,1,0,0,1,4,1,0,0,1,0,2,1,0,1,1,3,0,2,3,6,7,0,0,1,6,3,3,0,3,4,1,1,0,0,0,0,0,0,0,1,0,0,0,0
0,4,5,0,0,0,39,3,0,1,1,0,2,0,0,8,1,3,3,1,0,0,1,4,1,0,0,1,0,2,1,0,1,1,3,0,2,3,6,7,0,0,1,6,3,3,0,3,4,1,1,0,0,0,0,0,0,0,1,0,0,0,0
0,4,5,0,0,0,39,3,0,1,1,0,2,0,0,8,1,3,3,1,0,0,1,4,1,0,0,1,0,2,1,0,1,1,3,0,2,3,6,7,0,0,1,6,3,3,0,3,4,1,1,0,0,0,0,0,0,0,1,0,0,0,0
1,5,6,1,1,1,40,4,1,2,2,1,3,1,1,9,2,4,4,2,1,1,2,5,2,1,1,2,1,3,2,1,2,2,4,1,3,4,7,8,1,1,2,7,4,4,1,4,5,2,2,1,1,1,1,1,1,1,1,1,1,1,1
0,4,5,0,0,0,39,3,0,1,1,0,2,0,0,8,1,3,3,1,0,0,1,4,1,0,0,1,0,2,1,0,1,1,3,0,2,3,6,7,0,0,1,6,3,3,0,3,4,1,1,0,0,0,0,0,0,0,1,0,0,0,0
0,4,5,0,0,0,39,3,0,1,1,0,2,0,0,8,1,3,3,1,0,0,1,4,1,0,0,1,0,2,1,0,1,1,3,0,2,3,6,7,0,0,1,6,3,3,0,3,4,1,1,0,0,0,0,0,0,0,1,0,0,0,0
0,4,5,0,0,0,39,3,0,1,1,0,2,0,0,8,1,3,3,1,0,0,1,4,1,0,0,1,0,2,1,0,1,1,3,0,2,3,6,7,0,0,1,6,3,3,0,3,4,1,1,0,0,0,0,0,0,0,1,0,0,0,0
0,4,5,0,0,0,39,3,0,1,1,0,2,0,0,8,1,3,3,1,0,0,1,4,1,0,0,1,0,2,1,0,1,1,3,0,2,3,6,7,0,0,1,6,3,3,0,3,4,1,1,0,0,0,0,0,0,0,1,0,0,0,0
