70,122,196,97,88,82,211,98,84,83,99,95,83,91,70,171,88,99,83,132,84,79,85,196,144,77,85,88,104,106,75,82,96,124,117,94,100,75,107,143,84,89,75,175,132,273,159,115,127,141,72,73,78,73,79,71,72,119,88,73,99,153,70
122,52,178,79,70,64,193,80,66,65,81,77,65,73,52,153,70,81,65,114,66,61,67,178,126,59,67,70,86,88,57,64,78,106,99,76,82,57,89,125,66,71,57,157,114,255,141,97,109,123,54,55,60,55,61,53,54,101,70,55,81,135,52
196,178,126,153,144,138,267,154,140,139,155,151,139,147,126,227,144,155,139,188,140,135,141,252,200,133,141,144,160,162,131,138,152,180,173,150,156,131,163,199,140,145,131,231,188,329,215,171,183,197,128,129,134,129,135,127,128,175,144,129,155,209,126
97,79,153,27,45,39,168,55,41,40,56,52,40,48,27,128,45,56,40,89,41,36,42,153,101,34,42,45,61,63,32,39,53,81,74,51,57,32,64,100,41,46,32,132,89,230,116,72,84,98,29,30,35,30,36,28,29,76,45,30,56,110,27
88,70,144,45,18,30,159,46,32,31,47,43,31,39,18,119,36,47,31,80,32,27,33,144,92,25,33,36,52,54,23,30,44,72,65,42,48,23,55,91,32,37,23,123,80,221,107,63,75,89,20,21,26,21,27,19,20,67,36,21,47,101,18
82,64,138,39,30,12,153,40,26,25,41,37,25,33,12,113,30,41,25,74,26,21,27,138,86,19,27,30,46,48,17,24,38,66,59,36,42,17,49,85,26,31,17,117,74,215,101,57,69,83,14,15,20,15,21,13,14,61,30,15,41,95,12
211,193,267,168,159,153,141,169,155,154,170,166,154,162,141,242,159,170,154,203,155,150,156,267,215,148,156,159,175,177,146,153,167,195,188,165,171,146,178,214,155,160,146,246,203,344,230,186,198,212,143,144,149,144,150,142,143,190,159,144,170,224,141
98,80,154,55,46,40,169,28,42,41,57,53,41,49,28,129,46,57,41,90,42,37,43,154,102,35,43,46,62,64,33,40,54,82,75,52,58,33,65,101,42,47,33,133,90,231,117,73,85,99,30,31,36,31,37,29,30,77,46,31,57,111,28
84,66,140,41,32,26,155,42,14,27,43,39,27,35,14,115,32,43,27,76,28,23,29,140,88,21,29,32,48,50,19,26,40,68,61,38,44,19,51,87,28,33,19,119,76,217,103,59,71,85,16,17,22,17,23,15,16,63,32,17,43,97,14
83,65,139,40,31,25,154,41,27,13,42,38,26,34,13,114,31,42,26,75,27,22,28,139,87,20,28,31,47,49,18,25,39,67,60,37,43,18,50,86,27,32,18,118,75,216,102,58,70,84,15,16,21,16,22,14,15,62,31,16,42,96,13
99,81,155,56,47,41,170,57,43,42,29,54,42,50,29,130,47,58,42,91,43,38,44,155,103,36,44,47,63,65,34,41,55,83,76,53,59,34,66,102,43,48,34,134,91,232,118,74,86,100,31,32,37,32,38,30,31,78,47,32,58,112,29
95,77,151,52,43,37,166,53,39,38,54,25,38,46,25,126,43,54,38,87,39,34,40,151,99,32,40,43,59,61,30,37,51,79,72,49,55,30,62,98,39,44,30,130,87,228,114,70,82,96,27,28,33,28,34,26,27,74,43,28,54,108,25
83,65,139,40,31,25,154,41,27,26,42,38,13,34,13,114,31,42,26,75,27,22,28,139,87,20,28,31,47,49,18,25,39,67,60,37,43,18,50,86,27,32,18,118,75,216,102,58,70,84,15,16,21,16,22,14,15,62,31,16,42,96,13
91,73,147,48,39,33,162,49,35,34,50,46,34,21,21,122,39,50,34,83,35,30,36,147,95,28,36,39,55,57,26,33,47,75,68,45,51,26,58,94,35,40,26,126,83,224,110,66,78,92,23,24,29,24,30,22,23,70,39,24,50,104,21
70,52,126,27,18,12,141,28,14,13,29,25,13,21,0,101,18,29,13,62,14,9,15,126,74,7,15,18,34,36,5,12,26,54,47,24,30,5,37,73,14,19,5,105,62,203,89,45,57,71,2,3,8,3,9,1,2,49,18,3,29,83,0
171,153,227,128,119,113,242,129,115,114,130,126,114,122,101,101,119,130,114,163,115,110,116,227,175,108,116,119,135,137,106,113,127,155,148,125,131,106,138,174,115,120,106,206,163,304,190,146,158,172,103,104,109,104,110,102,103,150,119,104,130,184,101
88,70,144,45,36,30,159,46,32,31,47,43,31,39,18,119,18,47,31,80,32,27,33,144,92,25,33,36,52,54,23,30,44,72,65,42,48,23,55,91,32,37,23,123,80,221,107,63,75,89,20,21,26,21,27,19,20,67,36,21,47,101,18
99,81,155,56,47,41,170,57,43,42,58,54,42,50,29,130,47,29,42,91,43,38,44,155,103,36,44,47,63,65,34,41,55,83,76,53,59,34,66,102,43,48,34,134,91,232,118,74,86,100,31,32,37,32,38,30,31,78,47,32,58,112,29
83,65,139,40,31,25,154,41,27,26,42,38,26,34,13,114,31,42,13,75,27,22,28,139,87,20,28,31,47,49,18,25,39,67,60,37,43,18,50,86,27,32,18,118,75,216,102,58,70,84,15,16,21,16,22,14,15,62,31,16,42,96,13
132,114,188,89,80,74,203,90,76,75,91,87,75,83,62,163,80,91,75,62,76,71,77,188,136,69,77,80,96,98,67,74,88,116,109,86,92,67,99,135,76,81,67,167,124,265,151,107,119,133,64,65,70,65,71,63,64,111,80,65,91,145,62
84,66,140,41,32,26,155,42,28,27,43,39,27,35,14,115,32,43,27,76,14,23,29,140,88,21,29,32,48,50,19,26,40,68,61,38,44,19,51,87,28,33,19,119,76,217,103,59,71,85,16,17,22,17,23,15,16,63,32,17,43,97,14
79,61,135,36,27,21,150,37,23,22,38,34,22,30,9,110,27,38,22,71,23,9,24,135,83,16,24,27,43,45,14,21,35,63,56,33,39,14,46,82,23,28,14,114,71,212,98,54,66,80,11,12,17,12,18,10,11,58,27,12,38,92,9
85,67,141,42,33,27,156,43,29,28,44,40,28,36,15,116,33,44,28,77,29,24,15,141,89,22,30,33,49,51,20,27,41,69,62,39,45,20,52,88,29,34,20,120,77,218,104,60,72,86,17,18,23,18,24,16,17,64,33,18,44,98,15
196,178,252,153,144,138,267,154,140,139,155,151,139,147,126,227,144,155,139,188,140,135,141,126,200,133,141,144,160,162,131,138,152,180,173,150,156,131,163,199,140,145,131,231,188,329,215,171,183,197,128,129,134,129,135,127,128,175,144,129,155,209,126
144,126,200,101,92,86,215,102,88,87,103,99,87,95,74,175,92,103,87,136,88,83,89,200,74,81,89,92,108,110,79,86,100,128,121,98,104,79,111,147,88,93,79,179,136,277,163,119,131,145,76,77,82,77,83,75,76,123,92,77,103,157,74
77,59,133,34,25,19,148,35,21,20,36,32,20,28,7,108,25,36,20,69,21,16,22,133,81,7,22,25,41,43,12,19,33,61,54,31,37,12,44,80,21,26,12,112,69,210,96,52,64,78,9,10,15,10,16,8,9,56,25,10,36,90,7
85,67,141,42,33,27,156,43,29,28,44,40,28,36,15,116,33,44,28,77,29,24,30,141,89,22,15,33,49,51,20,27,41,69,62,39,45,20,52,88,29,34,20,120,77,218,104,60,72,86,17,18,23,18,24,16,17,64,33,18,44,98,15
88,70,144,45,36,30,159,46,32,31,47,43,31,39,18,119,36,47,31,80,32,27,33,144,92,25,33,18,52,54,23,30,44,72,65,42,48,23,55,91,32,37,23,123,80,221,107,63,75,89,20,21,26,21,27,19,20,67,36,21,47,101,18
104,86,160,61,52,46,175,62,48,47,63,59,47,55,34,135,52,63,47,96,48,43,49,160,108,41,49,52,34,70,39,46,60,88,81,58,64,39,71,107,48,53,39,139,96,237,123,79,91,105,36,37,42,37,43,35,36,83,52,37,63,117,34
106,88,162,63,54,48,177,64,50,49,65,61,49,57,36,137,54,65,49,98,50,45,51,162,110,43,51,54,70,36,41,48,62,90,83,60,66,41,73,109,50,55,41,141,98,239,125,81,93,107,38,39,44,39,45,37,38,85,54,39,65,119,36
75,57,131,32,23,17,146,33,19,18,34,30,18,26,5,106,23,34,18,67,19,14,20,131,79,12,20,23,39,41,5,17,31,59,52,29,35,10,42,78,19,24,10,110,67,208,94,50,62,76,7,8,13,8,14,6,7,54,23,8,34,88,5
82,64,138,39,30,24,153,40,26,25,41,37,25,33,12,113,30,41,25,74,26,21,27,138,86,19,27,30,46,48,17,12,38,66,59,36,42,17,49,85,26,31,17,117,74,215,101,57,69,83,14,15,20,15,21,13,14,61,30,15,41,95,12
96,78,152,53,44,38,167,54,40,39,55,51,39,47,26,127,44,55,39,88,40,35,41,152,100,33,41,44,60,62,31,38,26,80,73,50,56,31,63,99,40,45,31,131,88,229,115,71,83,97,28,29,34,29,35,27,28,75,44,29,55,109,26
124,106,180,81,72,66,195,82,68,67,83,79,67,75,54,155,72,83,67,116,68,63,69,180,128,61,69,72,88,90,59,66,80,54,101,78,84,59,91,127,68,73,59,159,116,257,143,99,111,125,56,57,62,57,63,55,56,103,72,57,83,137,54
117,99,173,74,65,59,188,75,61,60,76,72,60,68,47,148,65,76,60,109,61,56,62,173,121,54,62,65,81,83,52,59,73,101,47,71,77,52,84,120,61,66,52,152,109,250,136,92,104,118,49,50,55,50,56,48,49,96,65,50,76,130,47
94,76,150,51,42,36,165,52,38,37,53,49,37,45,24,125,42,53,37,86,38,33,39,150,98,31,39,42,58,60,29,36,50,78,71,24,54,29,61,97,38,43,29,129,86,227,113,69,81,95,26,27,32,27,33,25,26,73,42,27,53,107,24
100,82,156,57,48,42,171,58,44,43,59,55,43,51,30,131,48,59,43,92,44,39,45,156,104,37,45,48,64,66,35,42,56,84,77,54,30,35,67,103,44,49,35,135,92,233,119,75,87,101,32,33,38,33,39,31,32,79,48,33,59,113,30
75,57,131,32,23,17,146,33,19,18,34,30,18,26,5,106,23,34,18,67,19,14,20,131,79,12,20,23,39,41,10,17,31,59,52,29,35,5,42,78,19,24,10,110,67,208,94,50,62,76,7,8,13,8,14,6,7,54,23,8,34,88,5
107,89,163,64,55,49,178,65,51,50,66,62,50,58,37,138,55,66,50,99,51,46,52,163,111,44,52,55,71,73,42,49,63,91,84,61,67,42,37,110,51,56,42,142,99,240,126,82,94,108,39,40,45,40,46,38,39,86,55,40,66,120,37
143,125,199,100,91,85,214,101,87,86,102,98,86,94,73,174,91,102,86,135,87,82,88,199,147,80,88,91,107,109,78,85,99,127,120,97,103,78,110,73,87,92,78,178,135,276,162,118,130,144,75,76,81,76,82,74,75,122,91,76,102,156,73
84,66,140,41,32,26,155,42,28,27,43,39,27,35,14,115,32,43,27,76,28,23,29,140,88,21,29,32,48,50,19,26,40,68,61,38,44,19,51,87,14,33,19,119,76,217,103,59,71,85,16,17,22,17,23,15,16,63,32,17,43,97,14
89,71,145,46,37,31,160,47,33,32,48,44,32,40,19,120,37,48,32,81,33,28,34,145,93,26,34,37,53,55,24,31,45,73,66,43,49,24,56,92,33,19,24,124,81,222,108,64,76,90,21,22,27,22,28,20,21,68,37,22,48,102,19
75,57,131,32,23,17,146,33,19,18,34,30,18,26,5,106,23,34,18,67,19,14,20,131,79,12,20,23,39,41,10,17,31,59,52,29,35,10,42,78,19,24,5,110,67,208,94,50,62,76,7,8,13,8,14,6,7,54,23,8,34,88,5
175,157,231,132,123,117,246,133,119,118,134,130,118,126,105,206,123,134,118,167,119,114,120,231,179,112,120,123,139,141,110,117,131,159,152,129,135,110,142,178,119,124,110,105,167,308,194,150,162,176,107,108,113,108,114,106,107,154,123,108,134,188,105
132,114,188,89,80,74,203,90,76,75,91,87,75,83,62,163,80,91,75,124,76,71,77,188,136,69,77,80,96,98,67,74,88,116,109,86,92,67,99,135,76,81,67,167,62,265,151,107,119,133,64,65,70,65,71,63,64,111,80,65,91,145,62
273,255,329,230,221,215,344,231,217,216,232,228,216,224,203,304,221,232,216,265,217,212,218,329,277,210,218,221,237,239,208,215,229,257,250,227,233,208,240,276,217,222,208,308,265,203,292,248,260,274,205,206,211,206,212,204,205,252,221,206,232,286,203
159,141,215,116,107,101,230,117,103,102,118,114,102,110,89,190,107,118,102,151,103,98,104,215,163,96,104,107,123,125,94,101,115,143,136,113,119,94,126,162,103,108,94,194,151,292,89,134,146,160,91,92,97,92,98,90,91,138,107,92,118,172,89
115,97,171,72,63,57,186,73,59,58,74,70,58,66,45,146,63,74,58,107,59,54,60,171,119,52,60,63,79,81,50,57,71,99,92,69,75,50,82,118,59,64,50,150,107,248,134,45,102,116,47,48,53,48,54,46,47,94,63,48,74,128,45
127,109,183,84,75,69,198,85,71,70,86,82,70,78,57,158,75,86,70,119,71,66,72,183,131,64,72,75,91,93,62,69,83,111,104,81,87,62,94,130,71,76,62,162,119,260,146,102,57,128,59,60,65,60,66,58,59,106,75,60,86,140,57
141,123,197,98,89,83,212,99,85,84,100,96,84,92,71,172,89,100,84,133,85,80,86,197,145,78,86,89,105,107,76,83,97,125,118,95,101,76,108,144,85,90,76,176,133,274,160,116,128,71,73,74,79,74,80,72,73,120,89,74,100,154,71
72,54,128,29,20,14,143,30,16,15,31,27,15,23,2,103,20,31,15,64,16,11,17,128,76,9,17,20,36,38,7,14,28,56,49,26,32,7,39,75,16,21,7,107,64,205,91,47,59,73,2,5,10,5,11,3,4,51,20,5,31,85,2
73,55,129,30,21,15,144,31,17,16,32,28,16,24,3,104,21,32,16,65,17,12,18,129,77,10,18,21,37,39,8,15,29,57,50,27,33,8,40,76,17,22,8,108,65,206,92,48,60,74,5,3,11,6,12,4,5,52,21,6,32,86,3
78,60,134,35,26,20,149,36,22,21,37,33,21,29,8,109,26,37,21,70,22,17,23,134,82,15,23,26,42,44,13,20,34,62,55,32,38,13,45,81,22,27,13,113,70,211,97,53,65,79,10,11,8,11,17,9,10,57,26,11,37,91,8
73,55,129,30,21,15,144,31,17,16,32,28,16,24,3,104,21,32,16,65,17,12,18,129,77,10,18,21,37,39,8,15,29,57,50,27,33,8,40,76,17,22,8,108,65,206,92,48,60,74,5,6,11,3,12,4,5,52,21,6,32,86,3
79,61,135,36,27,21,150,37,23,22,38,34,22,30,9,110,27,38,22,71,23,18,24,135,83,16,24,27,43,45,14,21,35,63,56,33,39,14,46,82,23,28,14,114,71,212,98,54,66,80,11,12,17,12,9,10,11,58,27,12,38,92,9
71,53,127,28,19,13,142,29,15,14,30,26,14,22,1,102,19,30,14,63,15,10,16,127,75,8,16,19,35,37,6,13,27,55,48,25,31,6,38,74,15,20,6,106,63,204,90,46,58,72,3,4,9,4,10,1,3,50,19,4,30,84,1
72,54,128,29,20,14,143,30,16,15,31,27,15,23,2,103,20,31,15,64,16,11,17,128,76,9,17,20,36,38,7,14,28,56,49,26,32,7,39,75,16,21,7,107,64,205,91,47,59,73,4,5,10,5,11,3,2,51,20,5,31,85,2
119,101,175,76,67,61,190,77,63,62,78,74,62,70,49,150,67,78,62,111,63,58,64,175,123,56,64,67,83,85,54,61,75,103,96,73,79,54,86,122,63,68,54,154,111,252,138,94,106,120,51,52,57,52,58,50,51,49,67,52,78,132,49
88,70,144,45,36,30,159,46,32,31,47,43,31,39,18,119,36,47,31,80,32,27,33,144,92,25,33,36,52,54,23,30,44,72,65,42,48,23,55,91,32,37,23,123,80,221,107,63,75,89,20,21,26,21,27,19,20,67,18,21,47,101,18
73,55,129,30,21,15,144,31,17,16,32,28,16,24,3,104,21,32,16,65,17,12,18,129,77,10,18,21,37,39,8,15,29,57,50,27,33,8,40,76,17,22,8,108,65,206,92,48,60,74,5,6,11,6,12,4,5,52,21,3,32,86,3
99,81,155,56,47,41,170,57,43,42,58,54,42,50,29,130,47,58,42,91,43,38,44,155,103,36,44,47,63,65,34,41,55,83,76,53,59,34,66,102,43,48,34,134,91,232,118,74,86,100,31,32,37,32,38,30,31,78,47,32,29,112,29
153,135,209,110,101,95,224,111,97,96,112,108,96,104,83,184,101,112,96,145,97,92,98,209,157,90,98,101,117,119,88,95,109,137,130,107,113,88,120,156,97,102,88,188,145,286,172,128,140,154,85,86,91,86,92,84,85,132,101,86,112,83,83
70,52,126,27,18,12,141,28,14,13,29,25,13,21,0,101,18,29,13,62,14,9,15,126,74,7,15,18,34,36,5,12,26,54,47,24,30,5,37,73,14,19,5,105,62,203,89,45,57,71,2,3,8,3,9,1,2,49,18,3,29,83,0
