786,1422,2272,2519,1346,1054,2412,1116,1280,1692,1607,1659,1198,1280,787,2714,1503,1402,1460,2076,1180,1554,1273,3086,4402,1325,1056,1088,2083,1581,1084,1079,1646,2950,2815,2413,1402,1223,2324,2200,1438,1618,1684,3827,3925,5538,3403,1776,3829,4096,1017,1175,1496,1160,1064,944,1042,3433,1998,1565,3184,1943,786
1422,636,2122,2369,1196,904,2262,966,1130,1542,1457,1509,1048,1130,637,2564,1353,1252,1310,1926,1030,1404,1123,2936,4252,1175,906,938,1933,1431,934,929,1496,2800,2665,2263,1252,1073,2174,2050,1288,1468,1534,3677,3775,5388,3253,1626,3679,3946,867,1025,1346,1010,914,794,892,3283,1848,1415,3034,1793,636
2272,2122,1486,3219,2046,1754,3112,1816,1980,2392,2307,2359,1898,1980,1487,3414,2203,2102,2160,2776,1880,2254,1973,3786,5102,2025,1756,1788,2783,2281,1784,1779,2346,3650,3515,3113,2102,1923,3024,2900,2138,2318,2384,4527,4625,6238,4103,2476,4529,4796,1717,1875,2196,1860,1764,1644,1742,4133,2698,2265,3884,2643,1486
2519,2369,3219,1733,2293,2001,3359,2063,2227,2639,2554,2606,2145,2227,1734,3661,2450,2349,2407,3023,2127,2501,2220,4033,5349,2272,2003,2035,3030,2528,2031,2026,2593,3897,3762,3360,2349,2170,3271,3147,2385,2565,2631,4774,4872,6485,4350,2723,4776,5043,1964,2122,2443,2107,2011,1891,1989,4380,2945,2512,4131,2890,1733
1346,1196,2046,2293,560,828,2186,890,1054,1466,1381,1433,972,1054,561,2488,1277,1176,1234,1850,954,1328,1047,2860,4176,1099,830,862,1857,1355,858,853,1420,2724,2589,2187,1176,997,2098,1974,1212,1392,1458,3601,3699,5312,3177,1550,3603,3870,791,949,1270,934,838,718,816,3207,1772,1339,2958,1717,560
1054,904,1754,2001,828,268,1894,598,762,1174,1089,1141,680,762,269,2196,985,884,942,1558,662,1036,755,2568,3884,807,538,570,1565,1063,566,561,1128,2432,2297,1895,884,705,1806,1682,920,1100,1166,3309,3407,5020,2885,1258,3311,3578,499,657,978,642,546,426,524,2915,1480,1047,2666,1425,268
2412,2262,3112,3359,2186,1894,1626,1956,2120,2532,2447,2499,2038,2120,1627,3554,2343,2242,2300,2916,2020,2394,2113,3926,5242,2165,1896,1928,2923,2421,1924,1919,2486,3790,3655,3253,2242,2063,3164,3040,2278,2458,2524,4667,4765,6378,4243,2616,4669,4936,1857,2015,2336,2000,1904,1784,1882,4273,2838,2405,4024,2783,1626
1116,966,1816,2063,890,598,1956,330,824,1236,1151,1203,742,824,331,2258,1047,946,1004,1620,724,1098,817,2630,3946,869,600,632,1627,1125,628,623,1190,2494,2359,1957,946,767,1868,1744,982,1162,1228,3371,3469,5082,2947,1320,3373,3640,561,719,1040,704,608,488,586,2977,1542,1109,2728,1487,330
1280,1130,1980,2227,1054,762,2120,824,494,1400,1315,1367,906,988,495,2422,1211,1110,1168,1784,888,1262,981,2794,4110,1033,764,796,1791,1289,792,787,1354,2658,2523,2121,1110,931,2032,1908,1146,1326,1392,3535,3633,5246,3111,1484,3537,3804,725,883,1204,868,772,652,750,3141,1706,1273,2892,1651,494
1692,1542,2392,2639,1466,1174,2532,1236,1400,906,1727,1779,1318,1400,907,2834,1623,1522,1580,2196,1300,1674,1393,3206,4522,1445,1176,1208,2203,1701,1204,1199,1766,3070,2935,2533,1522,1343,2444,2320,1558,1738,1804,3947,4045,5658,3523,1896,3949,4216,1137,1295,1616,1280,1184,1064,1162,3553,2118,1685,3304,2063,906
1607,1457,2307,2554,1381,1089,2447,1151,1315,1727,821,1694,1233,1315,822,2749,1538,1437,1495,2111,1215,1589,1308,3121,4437,1360,1091,1123,2118,1616,1119,1114,1681,2985,2850,2448,1437,1258,2359,2235,1473,1653,1719,3862,3960,5573,3438,1811,3864,4131,1052,1210,1531,1195,1099,979,1077,3468,2033,1600,3219,1978,821
1659,1509,2359,2606,1433,1141,2499,1203,1367,1779,1694,873,1285,1367,874,2801,1590,1489,1547,2163,1267,1641,1360,3173,4489,1412,1143,1175,2170,1668,1171,1166,1733,3037,2902,2500,1489,1310,2411,2287,1525,1705,1771,3914,4012,5625,3490,1863,3916,4183,1104,1262,1583,1247,1151,1031,1129,3520,2085,1652,3271,2030,873
1198,1048,1898,2145,972,680,2038,742,906,1318,1233,1285,412,906,413,2340,1129,1028,1086,1702,806,1180,899,2712,4028,951,682,714,1709,1207,710,705,1272,2576,2441,2039,1028,849,1950,1826,1064,1244,1310,3453,3551,5164,3029,1402,3455,3722,643,801,1122,786,690,570,668,3059,1624,1191,2810,1569,412
1280,1130,1980,2227,1054,762,2120,824,988,1400,1315,1367,906,494,495,2422,1211,1110,1168,1784,888,1262,981,2794,4110,1033,764,796,1791,1289,792,787,1354,2658,2523,2121,1110,931,2032,1908,1146,1326,1392,3535,3633,5246,3111,1484,3537,3804,725,883,1204,868,772,652,750,3141,1706,1273,2892,1651,494
787,637,1487,1734,561,269,1627,331,495,907,822,874,413,495,1,1929,718,617,675,1291,395,769,488,2301,3617,540,271,303,1298,796,299,294,861,2165,2030,1628,617,438,1539,1415,653,833,899,3042,3140,4753,2618,991,3044,3311,232,390,711,375,279,159,257,2648,1213,780,2399,1158,1
2714,2564,3414,3661,2488,2196,3554,2258,2422,2834,2749,2801,2340,2422,1929,1928,2645,2544,2602,3218,2322,2696,2415,4228,5544,2467,2198,2230,3225,2723,2226,2221,2788,4092,3957,3555,2544,2365,3466,3342,2580,2760,2826,4969,5067,6680,4545,2918,4971,5238,2159,2317,2638,2302,2206,2086,2184,4575,3140,2707,4326,3085,1928
1503,1353,2203,2450,1277,985,2343,1047,1211,1623,1538,1590,1129,1211,718,2645,717,1333,1391,2007,1111,1485,1204,3017,4333,1256,987,1019,2014,1512,1015,1010,1577,2881,2746,2344,1333,1154,2255,2131,1369,1549,1615,3758,3856,5469,3334,1707,3760,4027,948,1106,1427,1091,995,875,973,3364,1929,1496,3115,1874,717
1402,1252,2102,2349,1176,884,2242,946,1110,1522,1437,1489,1028,1110,617,2544,1333,616,1290,1906,1010,1384,1103,2916,4232,1155,886,918,1913,1411,914,909,1476,2780,2645,2243,1232,1053,2154,2030,1268,1448,1514,3657,3755,5368,3233,1606,3659,3926,847,1005,1326,990,894,774,872,3263,1828,1395,3014,1773,616
1460,1310,2160,2407,1234,942,2300,1004,1168,1580,1495,1547,1086,1168,675,2602,1391,1290,674,1964,1068,1442,1161,2974,4290,1213,944,976,1971,1469,972,967,1534,2838,2703,2301,1290,1111,2212,2088,1326,1506,1572,3715,3813,5426,3291,1664,3717,3984,905,1063,1384,1048,952,832,930,3321,1886,1453,3072,1831,674
2076,1926,2776,3023,1850,1558,2916,1620,1784,2196,2111,2163,1702,1784,1291,3218,2007,1906,1964,1290,1684,2058,1777,3590,4906,1829,1560,1592,2587,2085,1588,1583,2150,3454,3319,2917,1906,1727,2828,2704,1942,2122,2188,4331,4429,6042,3907,2280,4333,4600,1521,1679,2000,1664,1568,1448,1546,3937,2502,2069,3688,2447,1290
1180,1030,1880,2127,954,662,2020,724,888,1300,1215,1267,806,888,395,2322,1111,1010,1068,1684,394,1162,881,2694,4010,933,664,696,1691,1189,692,687,1254,2558,2423,2021,1010,831,1932,1808,1046,1226,1292,3435,3533,5146,3011,1384,3437,3704,625,783,1104,768,672,552,650,3041,1606,1173,2792,1551,394
1554,1404,2254,2501,1328,1036,2394,1098,1262,1674,1589,1641,1180,1262,769,2696,1485,1384,1442,2058,1162,768,1255,3068,4384,1307,1038,1070,2065,1563,1066,1061,1628,2932,2797,2395,1384,1205,2306,2182,1420,1600,1666,3809,3907,5520,3385,1758,3811,4078,999,1157,1478,1142,1046,926,1024,3415,1980,1547,3166,1925,768
1273,1123,1973,2220,1047,755,2113,817,981,1393,1308,1360,899,981,488,2415,1204,1103,1161,1777,881,1255,487,2787,4103,1026,757,789,1784,1282,785,780,1347,2651,2516,2114,1103,924,2025,1901,1139,1319,1385,3528,3626,5239,3104,1477,3530,3797,718,876,1197,861,765,645,743,3134,1699,1266,2885,1644,487
3086,2936,3786,4033,2860,2568,3926,2630,2794,3206,3121,3173,2712,2794,2301,4228,3017,2916,2974,3590,2694,3068,2787,2300,5916,2839,2570,2602,3597,3095,2598,2593,3160,4464,4329,3927,2916,2737,3838,3714,2952,3132,3198,5341,5439,7052,4917,3290,5343,5610,2531,2689,3010,2674,2578,2458,2556,4947,3512,3079,4698,3457,2300
4402,4252,5102,5349,4176,3884,5242,3946,4110,4522,4437,4489,4028,4110,3617,5544,4333,4232,4290,4906,4010,4384,4103,5916,3616,4155,3886,3918,4913,4411,3914,3909,4476,5780,5645,5243,4232,4053,5154,5030,4268,4448,4514,6657,6755,8368,6233,4606,6659,6926,3847,4005,4326,3990,3894,3774,3872,6263,4828,4395,6014,4773,3616
1325,1175,2025,2272,1099,807,2165,869,1033,1445,1360,1412,951,1033,540,2467,1256,1155,1213,1829,933,1307,1026,2839,4155,539,809,841,1836,1334,837,832,1399,2703,2568,2166,1155,976,2077,1953,1191,1371,1437,3580,3678,5291,3156,1529,3582,3849,770,928,1249,913,817,697,795,3186,1751,1318,2937,1696,539
1056,906,1756,2003,830,538,1896,600,764,1176,1091,1143,682,764,271,2198,987,886,944,1560,664,1038,757,2570,3886,809,270,572,1567,1065,568,563,1130,2434,2299,1897,886,707,1808,1684,922,1102,1168,3311,3409,5022,2887,1260,3313,3580,501,659,980,644,548,428,526,2917,1482,1049,2668,1427,270
1088,938,1788,2035,862,570,1928,632,796,1208,1123,1175,714,796,303,2230,1019,918,976,1592,696,1070,789,2602,3918,841,572,302,1599,1097,600,595,1162,2466,2331,1929,918,739,1840,1716,954,1134,1200,3343,3441,5054,2919,1292,3345,3612,533,691,1012,676,580,460,558,2949,1514,1081,2700,1459,302
2083,1933,2783,3030,1857,1565,2923,1627,1791,2203,2118,2170,1709,1791,1298,3225,2014,1913,1971,2587,1691,2065,1784,3597,4913,1836,1567,1599,1297,2092,1595,1590,2157,3461,3326,2924,1913,1734,2835,2711,1949,2129,2195,4338,4436,6049,3914,2287,4340,4607,1528,1686,2007,1671,1575,1455,1553,3944,2509,2076,3695,2454,1297
1581,1431,2281,2528,1355,1063,2421,1125,1289,1701,1616,1668,1207,1289,796,2723,1512,1411,1469,2085,1189,1563,1282,3095,4411,1334,1065,1097,2092,795,1093,1088,1655,2959,2824,2422,1411,1232,2333,2209,1447,1627,1693,3836,3934,5547,3412,1785,3838,4105,1026,1184,1505,1169,1073,953,1051,3442,2007,1574,3193,1952,795
1084,934,1784,2031,858,566,1924,628,792,1204,1119,1171,710,792,299,2226,1015,914,972,1588,692,1066,785,2598,3914,837,568,600,1595,1093,298,591,1158,2462,2327,1925,914,735,1836,1712,950,1130,1196,3339,3437,5050,2915,1288,3341,3608,529,687,1008,672,576,456,554,2945,1510,1077,2696,1455,298
1079,929,1779,2026,853,561,1919,623,787,1199,1114,1166,705,787,294,2221,1010,909,967,1583,687,1061,780,2593,3909,832,563,595,1590,1088,591,293,1153,2457,2322,1920,909,730,1831,1707,945,1125,1191,3334,3432,5045,2910,1283,3336,3603,524,682,1003,667,571,451,549,2940,1505,1072,2691,1450,293
1646,1496,2346,2593,1420,1128,2486,1190,1354,1766,1681,1733,1272,1354,861,2788,1577,1476,1534,2150,1254,1628,1347,3160,4476,1399,1130,1162,2157,1655,1158,1153,860,3024,2889,2487,1476,1297,2398,2274,1512,1692,1758,3901,3999,5612,3477,1850,3903,4170,1091,1249,1570,1234,1138,1018,1116,3507,2072,1639,3258,2017,860
2950,2800,3650,3897,2724,2432,3790,2494,2658,3070,2985,3037,2576,2658,2165,4092,2881,2780,2838,3454,2558,2932,2651,4464,5780,2703,2434,2466,3461,2959,2462,2457,3024,2164,4193,3791,2780,2601,3702,3578,2816,2996,3062,5205,5303,6916,4781,3154,5207,5474,2395,2553,2874,2538,2442,2322,2420,4811,3376,2943,4562,3321,2164
2815,2665,3515,3762,2589,2297,3655,2359,2523,2935,2850,2902,2441,2523,2030,3957,2746,2645,2703,3319,2423,2797,2516,4329,5645,2568,2299,2331,3326,2824,2327,2322,2889,4193,2029,3656,2645,2466,3567,3443,2681,2861,2927,5070,5168,6781,4646,3019,5072,5339,2260,2418,2739,2403,2307,2187,2285,4676,3241,2808,4427,3186,2029
2413,2263,3113,3360,2187,1895,3253,1957,2121,2533,2448,2500,2039,2121,1628,3555,2344,2243,2301,2917,2021,2395,2114,3927,5243,2166,1897,1929,2924,2422,1925,1920,2487,3791,3656,1627,2243,2064,3165,3041,2279,2459,2525,4668,4766,6379,4244,2617,4670,4937,1858,2016,2337,2001,1905,1785,1883,4274,2839,2406,4025,2784,1627
1402,1252,2102,2349,1176,884,2242,946,1110,1522,1437,1489,1028,1110,617,2544,1333,1232,1290,1906,1010,1384,1103,2916,4232,1155,886,918,1913,1411,914,909,1476,2780,2645,2243,616,1053,2154,2030,1268,1448,1514,3657,3755,5368,3233,1606,3659,3926,847,1005,1326,990,894,774,872,3263,1828,1395,3014,1773,616
1223,1073,1923,2170,997,705,2063,767,931,1343,1258,1310,849,931,438,2365,1154,1053,1111,1727,831,1205,924,2737,4053,976,707,739,1734,1232,735,730,1297,2601,2466,2064,1053,437,1975,1851,1089,1269,1335,3478,3576,5189,3054,1427,3480,3747,668,826,1147,811,715,595,693,3084,1649,1216,2835,1594,437
2324,2174,3024,3271,2098,1806,3164,1868,2032,2444,2359,2411,1950,2032,1539,3466,2255,2154,2212,2828,1932,2306,2025,3838,5154,2077,1808,1840,2835,2333,1836,1831,2398,3702,3567,3165,2154,1975,1538,2952,2190,2370,2436,4579,4677,6290,4155,2528,4581,4848,1769,1927,2248,1912,1816,1696,1794,4185,2750,2317,3936,2695,1538
2200,2050,2900,3147,1974,1682,3040,1744,1908,2320,2235,2287,1826,1908,1415,3342,2131,2030,2088,2704,1808,2182,1901,3714,5030,1953,1684,1716,2711,2209,1712,1707,2274,3578,3443,3041,2030,1851,2952,1414,2066,2246,2312,4455,4553,6166,4031,2404,4457,4724,1645,1803,2124,1788,1692,1572,1670,4061,2626,2193,3812,2571,1414
1438,1288,2138,2385,1212,920,2278,982,1146,1558,1473,1525,1064,1146,653,2580,1369,1268,1326,1942,1046,1420,1139,2952,4268,1191,922,954,1949,1447,950,945,1512,2816,2681,2279,1268,1089,2190,2066,652,1484,1550,3693,3791,5404,3269,1642,3695,3962,883,1041,1362,1026,930,810,908,3299,1864,1431,3050,1809,652
1618,1468,2318,2565,1392,1100,2458,1162,1326,1738,1653,1705,1244,1326,833,2760,1549,1448,1506,2122,1226,1600,1319,3132,4448,1371,1102,1134,2129,1627,1130,1125,1692,2996,2861,2459,1448,1269,2370,2246,1484,832,1730,3873,3971,5584,3449,1822,3875,4142,1063,1221,1542,1206,1110,990,1088,3479,2044,1611,3230,1989,832
1684,1534,2384,2631,1458,1166,2524,1228,1392,1804,1719,1771,1310,1392,899,2826,1615,1514,1572,2188,1292,1666,1385,3198,4514,1437,1168,1200,2195,1693,1196,1191,1758,3062,2927,2525,1514,1335,2436,2312,1550,1730,898,3939,4037,5650,3515,1888,3941,4208,1129,1287,1608,1272,1176,1056,1154,3545,2110,1677,3296,2055,898
3827,3677,4527,4774,3601,3309,4667,3371,3535,3947,3862,3914,3453,3535,3042,4969,3758,3657,3715,4331,3435,3809,3528,5341,6657,3580,3311,3343,4338,3836,3339,3334,3901,5205,5070,4668,3657,3478,4579,4455,3693,3873,3939,3041,6180,7793,5658,4031,6084,6351,3272,3430,3751,3415,3319,3199,3297,5688,4253,3820,5439,4198,3041
3925,3775,4625,4872,3699,3407,4765,3469,3633,4045,3960,4012,3551,3633,3140,5067,3856,3755,3813,4429,3533,3907,3626,5439,6755,3678,3409,3441,4436,3934,3437,3432,3999,5303,5168,4766,3755,3576,4677,4553,3791,3971,4037,6180,3139,7891,5756,4129,6182,6449,3370,3528,3849,3513,3417,3297,3395,5786,4351,3918,5537,4296,3139
5538,5388,6238,6485,5312,5020,6378,5082,5246,5658,5573,5625,5164,5246,4753,6680,5469,5368,5426,6042,5146,5520,5239,7052,8368,5291,5022,5054,6049,5547,5050,5045,5612,6916,6781,6379,5368,5189,6290,6166,5404,5584,5650,7793,7891,4752,7369,5742,7795,8062,4983,5141,5462,5126,5030,4910,5008,7399,5964,5531,7150,5909,4752
3403,3253,4103,4350,3177,2885,4243,2947,3111,3523,3438,3490,3029,3111,2618,4545,3334,3233,3291,3907,3011,3385,3104,4917,6233,3156,2887,2919,3914,3412,2915,2910,3477,4781,4646,4244,3233,3054,4155,4031,3269,3449,3515,5658,5756,7369,2617,3607,5660,5927,2848,3006,3327,2991,2895,2775,2873,5264,3829,3396,5015,3774,2617
1776,1626,2476,2723,1550,1258,2616,1320,1484,1896,1811,1863,1402,1484,991,2918,1707,1606,1664,2280,1384,1758,1477,3290,4606,1529,1260,1292,2287,1785,1288,1283,1850,3154,3019,2617,1606,1427,2528,2404,1642,1822,1888,4031,4129,5742,3607,990,4033,4300,1221,1379,1700,1364,1268,1148,1246,3637,2202,1769,3388,2147,990
3829,3679,4529,4776,3603,3311,4669,3373,3537,3949,3864,3916,3455,3537,3044,4971,3760,3659,3717,4333,3437,3811,3530,5343,6659,3582,3313,3345,4340,3838,3341,3336,3903,5207,5072,4670,3659,3480,4581,4457,3695,3875,3941,6084,6182,7795,5660,4033,3043,6353,3274,3432,3753,3417,3321,3201,3299,5690,4255,3822,5441,4200,3043
4096,3946,4796,5043,3870,3578,4936,3640,3804,4216,4131,4183,3722,3804,3311,5238,4027,3926,3984,4600,3704,4078,3797,5610,6926,3849,3580,3612,4607,4105,3608,3603,4170,5474,5339,4937,3926,3747,4848,4724,3962,4142,4208,6351,6449,8062,5927,4300,6353,3310,3541,3699,4020,3684,3588,3468,3566,5957,4522,4089,5708,4467,3310
1017,867,1717,1964,791,499,1857,561,725,1137,1052,1104,643,725,232,2159,948,847,905,1521,625,999,718,2531,3847,770,501,533,1528,1026,529,524,1091,2395,2260,1858,847,668,1769,1645,883,1063,1129,3272,3370,4983,2848,1221,3274,3541,231,620,941,605,509,389,487,2878,1443,1010,2629,1388,231
1175,1025,1875,2122,949,657,2015,719,883,1295,1210,1262,801,883,390,2317,1106,1005,1063,1679,783,1157,876,2689,4005,928,659,691,1686,1184,687,682,1249,2553,2418,2016,1005,826,1927,1803,1041,1221,1287,3430,3528,5141,3006,1379,3432,3699,620,389,1099,763,667,547,645,3036,1601,1168,2787,1546,389
1496,1346,2196,2443,1270,978,2336,1040,1204,1616,1531,1583,1122,1204,711,2638,1427,1326,1384,2000,1104,1478,1197,3010,4326,1249,980,1012,2007,1505,1008,1003,1570,2874,2739,2337,1326,1147,2248,2124,1362,1542,1608,3751,3849,5462,3327,1700,3753,4020,941,1099,710,1084,988,868,966,3357,1922,1489,3108,1867,710
1160,1010,1860,2107,934,642,2000,704,868,1280,1195,1247,786,868,375,2302,1091,990,1048,1664,768,1142,861,2674,3990,913,644,676,1671,1169,672,667,1234,2538,2403,2001,990,811,1912,1788,1026,1206,1272,3415,3513,5126,2991,1364,3417,3684,605,763,1084,374,652,532,630,3021,1586,1153,2772,1531,374
1064,914,1764,2011,838,546,1904,608,772,1184,1099,1151,690,772,279,2206,995,894,952,1568,672,1046,765,2578,3894,817,548,580,1575,1073,576,571,1138,2442,2307,1905,894,715,1816,1692,930,1110,1176,3319,3417,5030,2895,1268,3321,3588,509,667,988,652,278,436,534,2925,1490,1057,2676,1435,278
944,794,1644,1891,718,426,1784,488,652,1064,979,1031,570,652,159,2086,875,774,832,1448,552,926,645,2458,3774,697,428,460,1455,953,456,451,1018,2322,2187,1785,774,595,1696,1572,810,990,1056,3199,3297,4910,2775,1148,3201,3468,389,547,868,532,436,158,414,2805,1370,937,2556,1315,158
1042,892,1742,1989,816,524,1882,586,750,1162,1077,1129,668,750,257,2184,973,872,930,1546,650,1024,743,2556,3872,795,526,558,1553,1051,554,549,1116,2420,2285,1883,872,693,1794,1670,908,1088,1154,3297,3395,5008,2873,1246,3299,3566,487,645,966,630,534,414,256,2903,1468,1035,2654,1413,256
3433,3283,4133,4380,3207,2915,4273,2977,3141,3553,3468,3520,3059,3141,2648,4575,3364,3263,3321,3937,3041,3415,3134,4947,6263,3186,2917,2949,3944,3442,2945,2940,3507,4811,4676,4274,3263,3084,4185,4061,3299,3479,3545,5688,5786,7399,5264,3637,5690,5957,2878,3036,3357,3021,2925,2805,2903,2647,3859,3426,5045,3804,2647
1998,1848,2698,2945,1772,1480,2838,1542,1706,2118,2033,2085,1624,1706,1213,3140,1929,1828,1886,2502,1606,1980,1699,3512,4828,1751,1482,1514,2509,2007,1510,1505,2072,3376,3241,2839,1828,1649,2750,2626,1864,2044,2110,4253,4351,5964,3829,2202,4255,4522,1443,1601,1922,1586,1490,1370,1468,3859,1212,1991,3610,2369,1212
1565,1415,2265,2512,1339,1047,2405,1109,1273,1685,1600,1652,1191,1273,780,2707,1496,1395,1453,2069,1173,1547,1266,3079,4395,1318,1049,1081,2076,1574,1077,1072,1639,2943,2808,2406,1395,1216,2317,2193,1431,1611,1677,3820,3918,5531,3396,1769,3822,4089,1010,1168,1489,1153,1057,937,1035,3426,1991,779,3177,1936,779
3184,3034,3884,4131,2958,2666,4024,2728,2892,3304,3219,3271,2810,2892,2399,4326,3115,3014,3072,3688,2792,3166,2885,4698,6014,2937,2668,2700,3695,3193,2696,2691,3258,4562,4427,4025,3014,2835,3936,3812,3050,3230,3296,5439,5537,7150,5015,3388,5441,5708,2629,2787,3108,2772,2676,2556,2654,5045,3610,3177,2398,3555,2398
1943,1793,2643,2890,1717,1425,2783,1487,1651,2063,1978,2030,1569,1651,1158,3085,1874,1773,1831,2447,1551,1925,1644,3457,4773,1696,1427,1459,2454,1952,1455,1450,2017,3321,3186,2784,1773,1594,2695,2571,1809,1989,2055,4198,4296,5909,3774,2147,4200,4467,1388,1546,1867,1531,1435,1315,1413,3804,2369,1936,3555,1157,1157
786,636,1486,1733,560,268,1626,330,494,906,821,873,412,494,1,1928,717,616,674,1290,394,768,487,2300,3616,539,270,302,1297,795,298,293,860,2164,2029,1627,616,437,1538,1414,652,832,898,3041,3139,4752,2617,990,3043,3310,231,389,710,374,278,158,256,2647,1212,779,2398,1157,0
