87,6,8,4,2,0,14,4,0,0,2,2,0,2,0,8,0,4,0,0,4,0,0,10,4,2,2,0,0,2,0,0,2,2,0,2,2,2,2,2,0,0,2,12,14,2,14,0,2,4,0,2,0,0,0,0,0,8,4,4,4,6,0
6,59,6,0,0,0,6,0,0,2,2,0,0,0,0,4,0,0,2,0,0,0,0,4,0,2,0,0,2,0,0,0,0,0,0,0,0,0,2,0,0,0,0,4,0,2,0,10,2,2,0,0,0,0,0,2,0,0,0,0,2,0,0
8,6,155,6,8,6,0,8,0,0,0,0,0,0,0,10,0,4,2,0,0,0,0,0,0,0,0,0,0,0,0,0,0,2,0,0,0,0,0,2,0,0,0,0,2,0,10,0,0,0,0,0,0,0,0,0,0,0,0,0,2,20,0
4,0,6,55,2,0,14,2,0,0,6,0,0,0,0,14,0,0,0,0,0,0,0,2,2,0,0,0,0,0,0,0,2,0,0,0,2,0,2,0,0,0,0,2,2,2,0,2,0,0,0,0,2,0,0,0,0,10,2,0,0,0,0
2,0,8,2,40,2,2,0,6,0,0,2,2,2,0,28,2,0,0,0,0,0,0,0,0,0,0,0,0,0,0,0,0,2,0,0,0,0,0,2,0,0,0,0,0,0,2,0,0,0,0,0,0,0,0,0,0,0,0,0,0,2,0
0,0,6,0,2,19,0,0,0,0,2,0,0,2,0,4,0,0,0,0,0,0,0,0,0,0,2,0,0,0,0,0,0,0,0,0,0,0,0,0,0,0,0,2,0,0,0,0,0,0,0,0,0,0,0,0,0,0,0,0,0,0,0
14,6,0,14,2,0,214,10,2,20,6,6,0,0,0,16,2,0,0,10,0,0,0,0,0,0,0,0,2,0,2,0,0,2,0,0,0,0,0,0,0,0,0,0,0,0,0,0,0,0,0,0,2,0,0,0,0,0,0,0,0,0,0
4,0,8,2,0,0,10,17,2,0,2,4,0,0,0,4,0,0,0,0,0,0,0,0,0,0,0,0,0,0,0,0,0,0,0,0,0,0,0,0,0,0,0,0,0,0,0,0,0,0,0,0,0,0,0,0,0,0,0,0,0,0,0
0,0,0,0,6,0,2,2,25,4,0,8,0,0,0,6,0,0,0,0,0,0,0,0,0,0,0,0,0,0,0,0,0,0,0,0,0,0,0,4,0,0,0,0,0,0,0,0,0,0,0,0,0,0,0,0,0,0,0,0,0,0,0
0,2,0,0,0,0,20,0,4,25,2,2,0,0,0,2,2,0,0,0,0,6,0,0,0,0,0,0,0,0,0,0,0,0,0,0,0,0,0,0,0,4,0,0,0,0,0,0,0,0,0,0,0,0,0,0,0,0,0,0,0,0,0
2,2,0,6,0,2,6,2,0,2,38,0,0,0,0,2,2,0,0,0,0,0,0,6,0,0,0,0,0,0,0,0,2,0,4,0,0,2,2,2,0,2,0,6,0,0,0,4,0,0,0,0,2,0,0,0,0,2,0,0,0,0,0
2,0,0,0,2,0,6,4,8,2,0,44,4,4,0,12,2,0,0,0,0,0,0,0,0,0,0,0,0,0,0,0,0,0,0,0,2,0,0,0,0,2,0,0,0,0,0,0,0,0,0,0,0,0,0,0,0,0,0,0,0,0,0
0,0,0,0,2,0,0,0,0,0,0,4,27,2,0,4,6,0,0,0,0,0,0,0,0,0,0,0,0,0,0,0,0,0,0,0,0,0,0,0,0,0,0,0,0,0,0,0,0,0,0,0,0,0,0,0,0,0,0,0,0,0,0
2,0,0,0,2,2,0,0,0,0,0,4,2,16,0,4,0,0,0,0,0,0,0,0,0,0,0,0,0,0,0,0,0,0,0,0,0,0,0,0,0,0,0,0,0,0,0,0,0,0,0,0,0,0,0,0,0,0,0,0,0,0,0
0,0,0,0,0,0,0,0,0,0,0,0,0,0,0,0,0,0,0,0,0,0,0,0,0,0,0,0,0,0,0,0,0,0,0,0,0,0,0,0,0,0,0,0,0,0,0,0,0,0,0,0,0,0,0,0,0,0,0,0,0,0,0
8,4,10,14,28,4,16,4,6,2,2,12,4,4,0,195,10,0,0,0,0,0,0,0,0,0,0,0,0,0,0,0,0,0,0,0,0,0,0,0,0,0,0,0,0,0,4,0,0,0,0,0,0,0,0,0,0,0,0,0,0,0,0
0,0,0,0,2,0,2,0,0,2,2,2,6,0,0,10,46,0,4,2,0,0,0,2,0,0,0,0,0,0,4,0,0,4,0,0,0,0,0,2,0,2,0,0,0,0,0,0,0,0,0,0,10,0,0,0,0,0,0,0,0,0,0
4,0,4,0,0,0,0,0,0,0,0,0,0,0,0,0,0,28,2,0,0,0,2,4,0,0,2,0,4,2,0,0,0,4,0,0,0,0,0,0,0,0,0,2,0,0,0,4,0,0,0,0,0,0,0,0,0,0,0,0,2,0,0
0,2,2,0,0,0,0,0,0,0,0,0,0,0,0,0,4,2,34,0,0,0,0,0,0,4,0,0,0,0,2,0,0,4,2,0,0,0,0,6,0,0,0,18,0,0,0,0,0,0,0,0,0,0,0,0,0,0,0,0,0,0,0
0,0,0,0,0,0,10,0,0,0,0,0,0,0,0,0,2,0,0,40,2,2,0,4,0,0,2,2,12,2,0,0,0,2,0,0,0,0,0,0,0,0,0,0,0,0,0,0,2,0,0,0,0,0,0,0,0,0,0,0,0,0,0
4,0,0,0,0,0,0,0,0,0,0,0,0,0,0,0,0,0,0,2,13,0,0,0,0,0,0,0,2,0,0,0,2,0,0,0,0,0,0,0,0,0,0,8,0,2,0,0,2,0,0,0,0,0,0,0,0,0,0,0,0,0,0
0,0,0,0,0,0,0,0,0,6,0,0,0,0,0,0,0,0,0,2,0,14,0,0,0,0,0,0,0,0,0,0,0,2,0,0,0,0,0,0,0,2,0,0,0,0,0,0,0,0,0,0,0,0,0,0,0,0,0,0,0,0,0
0,0,0,0,0,0,0,0,0,0,0,0,0,0,0,0,0,2,0,0,0,0,37,2,0,0,4,0,4,6,0,12,6,0,0,0,0,0,0,0,0,0,0,0,0,0,0,0,0,0,0,0,4,0,0,0,0,0,0,0,0,0,0
10,4,0,2,0,0,0,0,0,0,6,0,0,0,0,0,2,4,0,4,0,0,2,217,10,18,4,0,0,0,0,6,6,2,12,4,0,0,2,2,0,0,0,4,0,18,2,10,2,2,0,0,0,2,0,0,0,0,0,0,10,0,0
4,0,0,2,0,0,0,0,0,0,0,0,0,0,0,0,0,0,0,0,0,0,0,10,83,4,2,0,0,0,0,0,0,2,4,2,0,0,2,0,0,0,0,4,0,18,0,0,0,4,0,4,0,0,0,0,0,0,0,0,2,0,0
2,2,0,0,0,0,0,0,0,0,0,0,0,0,0,0,0,0,4,0,0,0,0,18,4,21,0,0,0,0,0,0,0,0,0,2,0,0,4,0,0,0,0,2,0,0,0,0,0,0,0,0,0,2,0,0,0,0,0,0,8,0,0
2,0,0,0,0,2,0,0,0,0,0,0,0,0,0,0,0,2,0,2,0,0,4,4,2,0,28,0,0,0,0,2,0,0,0,0,0,0,0,0,0,0,0,0,0,0,0,0,0,0,0,0,0,0,0,0,0,0,0,0,0,0,0
0,0,0,0,0,0,0,0,0,0,0,0,0,0,0,0,0,0,0,2,0,0,0,0,0,0,0,13,2,8,0,0,0,0,0,0,0,0,0,0,0,0,0,2,0,0,0,0,0,0,0,0,0,0,0,0,0,0,0,0,0,0,0
0,2,0,0,0,0,2,0,0,0,0,0,0,0,0,0,0,4,0,12,2,0,4,0,0,0,0,2,39,16,0,2,0,6,2,0,0,0,0,0,0,0,0,0,0,18,0,0,0,0,0,0,0,0,0,0,0,0,0,0,0,0,0
2,0,0,0,0,0,0,0,0,0,0,0,0,0,0,0,0,2,0,2,0,0,6,0,0,0,0,8,16,45,0,8,4,4,6,0,0,0,0,0,0,0,0,0,0,6,2,0,0,0,0,0,0,0,0,0,0,0,0,0,0,0,0
0,0,0,0,0,0,2,0,0,0,0,0,0,0,0,0,4,0,2,0,0,0,0,0,0,0,0,0,0,0,9,0,0,2,0,0,0,0,0,0,0,0,0,4,0,0,0,0,0,0,0,0,0,0,0,0,0,0,0,0,0,0,0
0,0,0,0,0,0,0,0,0,0,0,0,0,0,0,0,0,0,0,0,0,0,12,6,0,0,2,0,2,8,0,31,2,0,2,0,0,0,0,0,0,0,0,0,0,6,2,0,0,2,0,0,0,0,0,0,0,0,0,0,0,2,0
2,0,0,2,0,0,0,0,0,0,2,0,0,0,0,0,0,0,0,0,2,0,6,6,0,0,0,0,0,4,0,2,33,4,4,0,0,0,2,0,0,0,0,0,0,6,0,0,4,0,0,0,0,0,0,0,0,0,0,0,2,0,0
2,0,2,0,2,0,2,0,0,0,0,0,0,0,0,0,4,4,4,2,0,2,0,2,2,0,0,0,6,4,2,0,4,69,34,0,0,0,2,8,0,0,2,6,0,0,0,0,0,2,0,0,2,0,0,0,0,0,0,0,4,0,0
0,0,0,0,0,0,0,0,0,0,4,0,0,0,0,0,0,0,2,0,0,0,0,12,4,0,0,0,2,6,0,2,4,34,58,0,0,0,0,0,0,0,0,6,0,6,0,0,0,0,0,0,0,0,0,0,0,0,0,0,0,0,0
2,0,0,0,0,0,0,0,0,0,0,0,0,0,0,0,0,0,0,0,0,0,0,4,2,2,0,0,0,0,0,0,0,0,0,75,0,0,4,0,0,0,0,0,0,2,0,2,0,0,0,0,0,0,0,0,0,24,2,0,30,0,0
2,0,0,2,0,0,0,0,0,0,0,2,0,0,0,0,0,0,0,0,0,0,0,0,0,0,0,0,0,0,0,0,0,0,0,0,25,0,0,0,0,0,0,0,0,0,0,0,0,0,0,0,0,0,0,0,0,0,0,0,0,0,0
2,0,0,0,0,0,0,0,0,0,2,0,0,0,0,0,0,0,0,0,0,0,0,0,0,0,0,0,0,0,0,0,0,0,0,0,0,9,0,0,0,0,0,0,0,0,0,0,0,0,0,0,0,0,0,0,0,0,0,0,0,0,0
2,2,0,2,0,0,0,0,0,0,2,0,0,0,0,0,0,0,0,0,0,0,0,2,2,4,0,0,0,0,0,0,2,2,0,4,0,0,49,0,6,2,4,0,0,0,0,4,0,2,0,0,0,0,4,0,0,0,0,0,0,0,0
2,0,2,0,2,0,0,0,4,0,2,0,0,0,0,0,2,0,6,0,0,0,0,2,0,0,0,0,0,0,0,0,0,8,0,0,0,0,0,185,0,6,0,0,0,0,0,0,0,0,0,0,0,0,0,0,0,0,0,0,0,0,0
0,0,0,0,0,0,0,0,0,0,0,0,0,0,0,0,0,0,0,0,0,0,0,0,0,0,0,0,0,0,0,0,0,0,0,0,0,0,6,0,27,10,4,0,0,0,0,0,0,0,0,0,0,0,0,0,0,0,0,0,0,0,0
0,0,0,0,0,0,0,0,0,4,2,2,0,0,0,0,2,0,0,0,0,2,0,0,0,0,0,0,0,0,0,0,0,0,0,0,0,0,2,6,10,28,2,0,0,0,0,0,0,0,0,0,0,0,0,0,0,0,0,0,0,0,0
2,0,0,0,0,0,0,0,0,0,0,0,0,0,0,0,0,0,0,0,0,0,0,0,0,0,0,0,0,0,0,0,0,2,0,0,0,0,4,0,4,2,6,0,0,0,0,0,0,0,0,0,0,0,0,0,0,0,0,0,0,0,0
12,4,0,2,0,2,0,0,0,0,6,0,0,0,0,0,0,2,18,0,8,0,0,4,4,2,0,2,0,0,4,0,0,6,6,0,0,0,0,0,0,0,0,192,28,2,0,0,2,0,0,0,2,6,0,0,0,24,0,4,12,6,0
14,0,2,2,0,0,0,0,0,0,0,0,0,0,0,0,0,0,0,0,0,0,0,0,0,0,0,0,0,0,0,0,0,0,0,0,0,0,0,0,0,0,0,28,93,2,2,0,0,0,0,0,0,0,0,0,0,2,4,2,2,4,0
2,2,0,2,0,0,0,0,0,0,0,0,0,0,0,0,0,0,0,0,2,0,0,18,18,0,0,0,18,6,0,6,6,0,6,2,0,0,0,0,0,0,0,2,2,201,14,0,0,4,0,6,0,0,0,0,0,12,2,0,2,0,0
14,0,10,0,2,0,0,0,0,0,0,0,0,0,0,4,0,0,0,0,0,0,0,2,0,0,0,0,0,2,0,2,0,0,0,0,0,0,0,0,0,0,0,0,2,14,96,0,0,0,0,0,0,0,0,0,0,2,4,0,4,12,0
0,10,0,2,0,0,0,0,0,0,4,0,0,0,0,0,0,4,0,0,0,0,0,10,0,0,0,0,0,0,0,0,0,0,0,2,0,0,4,0,0,0,0,0,0,0,0,55,10,4,0,0,0,0,0,0,0,0,0,0,0,0,0
2,2,0,0,0,0,0,0,0,0,0,0,0,0,0,0,0,0,0,2,2,0,0,2,0,0,0,0,0,0,0,0,4,0,0,0,0,0,0,0,0,0,0,2,0,0,0,10,117,8,0,0,0,0,0,0,0,0,0,0,0,0,0
4,2,0,0,0,0,0,0,0,0,0,0,0,0,0,0,0,0,0,0,0,0,0,2,4,0,0,0,0,0,0,2,0,2,0,0,0,0,2,0,0,0,0,0,0,4,0,4,8,87,0,6,2,20,0,0,0,0,0,0,0,0,0
0,0,0,0,0,0,0,0,0,0,0,0,0,0,0,0,0,0,0,0,0,0,0,0,0,0,0,0,0,0,0,0,0,0,0,0,0,0,0,0,0,0,0,0,0,0,0,0,0,0,0,0,0,0,0,0,0,0,0,0,0,0,0
2,0,0,0,0,0,0,0,0,0,0,0,0,0,0,0,0,0,0,0,0,0,0,0,4,0,0,0,0,0,0,0,0,0,0,0,0,0,0,0,0,0,0,0,0,6,0,0,0,6,0,6,0,0,0,0,0,0,0,0,0,0,0
0,0,0,2,0,0,2,0,0,0,2,0,0,0,0,0,10,0,0,0,0,0,4,0,0,0,0,0,0,0,0,0,0,2,0,0,0,0,0,0,0,0,0,2,0,0,0,0,0,2,0,0,14,0,0,0,0,0,0,0,0,0,0
0,0,0,0,0,0,0,0,0,0,0,0,0,0,0,0,0,0,0,0,0,0,0,2,0,2,0,0,0,0,0,0,0,0,0,0,0,0,0,0,0,0,0,6,0,0,0,0,0,20,0,0,0,18,0,0,0,0,0,0,2,0,0
0,0,0,0,0,0,0,0,0,0,0,0,0,0,0,0,0,0,0,0,0,0,0,0,0,0,0,0,0,0,0,0,0,0,0,0,0,0,4,0,0,0,0,0,0,0,0,0,0,0,0,0,0,0,5,0,0,0,0,0,0,0,0
0,2,0,0,0,0,0,0,0,0,0,0,0,0,0,0,0,0,0,0,0,0,0,0,0,0,0,0,0,0,0,0,0,0,0,0,0,0,0,0,0,0,0,0,0,0,0,0,0,0,0,0,0,0,0,2,0,0,0,0,0,0,0
0,0,0,0,0,0,0,0,0,0,0,0,0,0,0,0,0,0,0,0,0,0,0,0,0,0,0,0,0,0,0,0,0,0,0,0,0,0,0,0,0,0,0,0,0,0,0,0,0,0,0,0,0,0,0,0,0,0,0,0,0,0,0
8,0,0,10,0,0,0,0,0,0,2,0,0,0,0,0,0,0,0,0,0,0,0,0,0,0,0,0,0,0,0,0,0,0,0,24,0,0,0,0,0,0,0,24,2,12,2,0,0,0,0,0,0,0,0,0,0,102,20,0,12,0,0
4,0,0,2,0,0,0,0,0,0,0,0,0,0,0,0,0,0,0,0,0,0,0,0,0,0,0,0,0,0,0,0,0,0,0,2,0,0,0,0,0,0,0,0,4,2,4,0,0,0,0,0,0,0,0,0,0,20,59,0,2,0,0
4,0,0,0,0,0,0,0,0,0,0,0,0,0,0,0,0,0,0,0,0,0,0,0,0,0,0,0,0,0,0,0,0,0,0,0,0,0,0,0,0,0,0,4,2,0,0,0,0,0,0,0,0,0,0,0,0,0,0,6,0,2,0
4,2,2,0,0,0,0,0,0,0,0,0,0,0,0,0,0,2,0,0,0,0,0,10,2,8,0,0,0,0,0,0,2,4,0,30,0,0,0,0,0,0,0,12,2,2,4,0,0,0,0,0,0,2,0,0,0,12,2,0,114,2,0
6,0,20,0,2,0,0,0,0,0,0,0,0,0,0,0,0,0,0,0,0,0,0,0,0,0,0,0,0,0,0,2,0,0,0,0,0,0,0,0,0,0,0,6,4,0,12,0,0,0,0,0,0,0,0,0,0,0,0,2,2,74,0
0,0,0,0,0,0,0,0,0,0,0,0,0,0,0,0,0,0,0,0,0,0,0,0,0,0,0,0,0,0,0,0,0,0,0,0,0,0,0,0,0,0,0,0,0,0,0,0,0,0,0,0,0,0,0,0,0,0,0,0,0,0,0
