87,146,242,142,127,106,301,104,112,112,125,131,114,103,87,282,133,115,121,127,100,101,124,304,170,108,115,100,126,132,96,118,120,156,145,162,112,96,136,272,114,115,93,279,180,288,183,142,204,174,87,93,101,105,92,89,87,189,146,93,201,161,87
146,59,214,114,99,78,273,76,84,84,97,103,86,75,59,254,105,87,93,99,72,73,96,276,142,80,87,72,98,104,68,90,92,128,117,134,84,68,108,244,86,87,65,251,152,260,155,114,176,146,59,65,73,77,64,61,59,161,118,65,173,133,59
242,214,155,210,195,174,369,172,180,180,193,199,182,171,155,350,201,183,189,195,168,169,192,372,238,176,183,168,194,200,164,186,188,224,213,230,180,164,204,340,182,183,161,347,248,356,251,210,272,242,155,161,169,173,160,157,155,257,214,161,269,229,155
142,114,210,55,95,74,269,72,80,80,93,99,82,71,55,250,101,83,89,95,68,69,92,272,138,76,83,68,94,100,64,86,88,124,113,130,80,64,104,240,82,83,61,247,148,256,151,110,172,142,55,61,69,73,60,57,55,157,114,61,169,129,55
127,99,195,95,40,59,254,57,65,65,78,84,67,56,40,235,86,68,74,80,53,54,77,257,123,61,68,53,79,85,49,71,73,109,98,115,65,49,89,225,67,68,46,232,133,241,136,95,157,127,40,46,54,58,45,42,40,142,99,46,154,114,40
106,78,174,74,59,19,233,36,44,44,57,63,46,35,19,214,65,47,53,59,32,33,56,236,102,40,47,32,58,64,28,50,52,88,77,94,44,28,68,204,46,47,25,211,112,220,115,74,136,106,19,25,33,37,24,21,19,121,78,25,133,93,19
301,273,369,269,254,233,214,231,239,239,252,258,241,230,214,409,260,242,248,254,227,228,251,431,297,235,242,227,253,259,223,245,247,283,272,289,239,223,263,399,241,242,220,406,307,415,310,269,331,301,214,220,228,232,219,216,214,316,273,220,328,288,214
104,76,172,72,57,36,231,17,42,42,55,61,44,33,17,212,63,45,51,57,30,31,54,234,100,38,45,30,56,62,26,48,50,86,75,92,42,26,66,202,44,45,23,209,110,218,113,72,134,104,17,23,31,35,22,19,17,119,76,23,131,91,17
112,84,180,80,65,44,239,42,25,50,63,69,52,41,25,220,71,53,59,65,38,39,62,242,108,46,53,38,64,70,34,56,58,94,83,100,50,34,74,210,52,53,31,217,118,226,121,80,142,112,25,31,39,43,30,27,25,127,84,31,139,99,25
112,84,180,80,65,44,239,42,50,25,63,69,52,41,25,220,71,53,59,65,38,39,62,242,108,46,53,38,64,70,34,56,58,94,83,100,50,34,74,210,52,53,31,217,118,226,121,80,142,112,25,31,39,43,30,27,25,127,84,31,139,99,25
125,97,193,93,78,57,252,55,63,63,38,82,65,54,38,233,84,66,72,78,51,52,75,255,121,59,66,51,77,83,47,69,71,107,96,113,63,47,87,223,65,66,44,230,131,239,134,93,155,125,38,44,52,56,43,40,38,140,97,44,152,112,38
131,103,199,99,84,63,258,61,69,69,82,44,71,60,44,239,90,72,78,84,57,58,81,261,127,65,72,57,83,89,53,75,77,113,102,119,69,53,93,229,71,72,50,236,137,245,140,99,161,131,44,50,58,62,49,46,44,146,103,50,158,118,44
114,86,182,82,67,46,241,44,52,52,65,71,27,43,27,222,73,55,61,67,40,41,64,244,110,48,55,40,66,72,36,58,60,96,85,102,52,36,76,212,54,55,33,219,120,228,123,82,144,114,27,33,41,45,32,29,27,129,86,33,141,101,27
103,75,171,71,56,35,230,33,41,41,54,60,43,16,16,211,62,44,50,56,29,30,53,233,99,37,44,29,55,61,25,47,49,85,74,91,41,25,65,201,43,44,22,208,109,217,112,71,133,103,16,22,30,34,21,18,16,118,75,22,130,90,16
87,59,155,55,40,19,214,17,25,25,38,44,27,16,0,195,46,28,34,40,13,14,37,217,83,21,28,13,39,45,9,31,33,69,58,75,25,9,49,185,27,28,6,192,93,201,96,55,117,87,0,6,14,18,5,2,0,102,59,6,114,74,0
282,254,350,250,235,214,409,212,220,220,233,239,222,211,195,195,241,223,229,235,208,209,232,412,278,216,223,208,234,240,204,226,228,264,253,270,220,204,244,380,222,223,201,387,288,396,291,250,312,282,195,201,209,213,200,197,195,297,254,201,309,269,195
133,105,201,101,86,65,260,63,71,71,84,90,73,62,46,241,46,74,80,86,59,60,83,263,129,67,74,59,85,91,55,77,79,115,104,121,71,55,95,231,73,74,52,238,139,247,142,101,163,133,46,52,60,64,51,48,46,148,105,52,160,120,46
115,87,183,83,68,47,242,45,53,53,66,72,55,44,28,223,74,28,62,68,41,42,65,245,111,49,56,41,67,73,37,59,61,97,86,103,53,37,77,213,55,56,34,220,121,229,124,83,145,115,28,34,42,46,33,30,28,130,87,34,142,102,28
121,93,189,89,74,53,248,51,59,59,72,78,61,50,34,229,80,62,34,74,47,48,71,251,117,55,62,47,73,79,43,65,67,103,92,109,59,43,83,219,61,62,40,226,127,235,130,89,151,121,34,40,48,52,39,36,34,136,93,40,148,108,34
127,99,195,95,80,59,254,57,65,65,78,84,67,56,40,235,86,68,74,40,53,54,77,257,123,61,68,53,79,85,49,71,73,109,98,115,65,49,89,225,67,68,46,232,133,241,136,95,157,127,40,46,54,58,45,42,40,142,99,46,154,114,40
100,72,168,68,53,32,227,30,38,38,51,57,40,29,13,208,59,41,47,53,13,27,50,230,96,34,41,26,52,58,22,44,46,82,71,88,38,22,62,198,40,41,19,205,106,214,109,68,130,100,13,19,27,31,18,15,13,115,72,19,127,87,13
101,73,169,69,54,33,228,31,39,39,52,58,41,30,14,209,60,42,48,54,27,14,51,231,97,35,42,27,53,59,23,45,47,83,72,89,39,23,63,199,41,42,20,206,107,215,110,69,131,101,14,20,28,32,19,16,14,116,73,20,128,88,14
124,96,192,92,77,56,251,54,62,62,75,81,64,53,37,232,83,65,71,77,50,51,37,254,120,58,65,50,76,82,46,68,70,106,95,112,62,46,86,222,64,65,43,229,130,238,133,92,154,124,37,43,51,55,42,39,37,139,96,43,151,111,37
304,276,372,272,257,236,431,234,242,242,255,261,244,233,217,412,263,245,251,257,230,231,254,217,300,238,245,230,256,262,226,248,250,286,275,292,242,226,266,402,244,245,223,409,310,418,313,272,334,304,217,223,231,235,222,219,217,319,276,223,331,291,217
170,142,238,138,123,102,297,100,108,108,121,127,110,99,83,278,129,111,117,123,96,97,120,300,83,104,111,96,122,128,92,114,116,152,141,158,108,92,132,268,110,111,89,275,176,284,179,138,200,170,83,89,97,101,88,85,83,185,142,89,197,157,83
108,80,176,76,61,40,235,38,46,46,59,65,48,37,21,216,67,49,55,61,34,35,58,238,104,21,49,34,60,66,30,52,54,90,79,96,46,30,70,206,48,49,27,213,114,222,117,76,138,108,21,27,35,39,26,23,21,123,80,27,135,95,21
115,87,183,83,68,47,242,45,53,53,66,72,55,44,28,223,74,56,62,68,41,42,65,245,111,49,28,41,67,73,37,59,61,97,86,103,53,37,77,213,55,56,34,220,121,229,124,83,145,115,28,34,42,46,33,30,28,130,87,34,142,102,28
100,72,168,68,53,32,227,30,38,38,51,57,40,29,13,208,59,41,47,53,26,27,50,230,96,34,41,13,52,58,22,44,46,82,71,88,38,22,62,198,40,41,19,205,106,214,109,68,130,100,13,19,27,31,18,15,13,115,72,19,127,87,13
126,98,194,94,79,58,253,56,64,64,77,83,66,55,39,234,85,67,73,79,52,53,76,256,122,60,67,52,39,84,48,70,72,108,97,114,64,48,88,224,66,67,45,231,132,240,135,94,156,126,39,45,53,57,44,41,39,141,98,45,153,113,39
132,104,200,100,85,64,259,62,70,70,83,89,72,61,45,240,91,73,79,85,58,59,82,262,128,66,73,58,84,45,54,76,78,114,103,120,70,54,94,230,72,73,51,237,138,246,141,100,162,132,45,51,59,63,50,47,45,147,104,51,159,119,45
96,68,164,64,49,28,223,26,34,34,47,53,36,25,9,204,55,37,43,49,22,23,46,226,92,30,37,22,48,54,9,40,42,78,67,84,34,18,58,194,36,37,15,201,102,210,105,64,126,96,9,15,23,27,14,11,9,111,68,15,123,83,9
118,90,186,86,71,50,245,48,56,56,69,75,58,47,31,226,77,59,65,71,44,45,68,248,114,52,59,44,70,76,40,31,64,100,89,106,56,40,80,216,58,59,37,223,124,232,127,86,148,118,31,37,45,49,36,33,31,133,90,37,145,105,31
120,92,188,88,73,52,247,50,58,58,71,77,60,49,33,228,79,61,67,73,46,47,70,250,116,54,61,46,72,78,42,64,33,102,91,108,58,42,82,218,60,61,39,225,126,234,129,88,150,120,33,39,47,51,38,35,33,135,92,39,147,107,33
156,128,224,124,109,88,283,86,94,94,107,113,96,85,69,264,115,97,103,109,82,83,106,286,152,90,97,82,108,114,78,100,102,69,127,144,94,78,118,254,96,97,75,261,162,270,165,124,186,156,69,75,83,87,74,71,69,171,128,75,183,143,69
145,117,213,113,98,77,272,75,83,83,96,102,85,74,58,253,104,86,92,98,71,72,95,275,141,79,86,71,97,103,67,89,91,127,58,133,83,67,107,243,85,86,64,250,151,259,154,113,175,145,58,64,72,76,63,60,58,160,117,64,172,132,58
162,134,230,130,115,94,289,92,100,100,113,119,102,91,75,270,121,103,109,115,88,89,112,292,158,96,103,88,114,120,84,106,108,144,133,75,100,84,124,260,102,103,81,267,168,276,171,130,192,162,75,81,89,93,80,77,75,177,134,81,189,149,75
112,84,180,80,65,44,239,42,50,50,63,69,52,41,25,220,71,53,59,65,38,39,62,242,108,46,53,38,64,70,34,56,58,94,83,100,25,34,74,210,52,53,31,217,118,226,121,80,142,112,25,31,39,43,30,27,25,127,84,31,139,99,25
96,68,164,64,49,28,223,26,34,34,47,53,36,25,9,204,55,37,43,49,22,23,46,226,92,30,37,22,48,54,18,40,42,78,67,84,34,9,58,194,36,37,15,201,102,210,105,64,126,96,9,15,23,27,14,11,9,111,68,15,123,83,9
136,108,204,104,89,68,263,66,74,74,87,93,76,65,49,244,95,77,83,89,62,63,86,266,132,70,77,62,88,94,58,80,82,118,107,124,74,58,49,234,76,77,55,241,142,250,145,104,166,136,49,55,63,67,54,51,49,151,108,55,163,123,49
272,244,340,240,225,204,399,202,210,210,223,229,212,201,185,380,231,213,219,225,198,199,222,402,268,206,213,198,224,230,194,216,218,254,243,260,210,194,234,185,212,213,191,377,278,386,281,240,302,272,185,191,199,203,190,187,185,287,244,191,299,259,185
114,86,182,82,67,46,241,44,52,52,65,71,54,43,27,222,73,55,61,67,40,41,64,244,110,48,55,40,66,72,36,58,60,96,85,102,52,36,76,212,27,55,33,219,120,228,123,82,144,114,27,33,41,45,32,29,27,129,86,33,141,101,27
115,87,183,83,68,47,242,45,53,53,66,72,55,44,28,223,74,56,62,68,41,42,65,245,111,49,56,41,67,73,37,59,61,97,86,103,53,37,77,213,55,28,34,220,121,229,124,83,145,115,28,34,42,46,33,30,28,130,87,34,142,102,28
93,65,161,61,46,25,220,23,31,31,44,50,33,22,6,201,52,34,40,46,19,20,43,223,89,27,34,19,45,51,15,37,39,75,64,81,31,15,55,191,33,34,6,198,99,207,102,61,123,93,6,12,20,24,11,8,6,108,65,12,120,80,6
279,251,347,247,232,211,406,209,217,217,230,236,219,208,192,387,238,220,226,232,205,206,229,409,275,213,220,205,231,237,201,223,225,261,250,267,217,201,241,377,219,220,198,192,285,393,288,247,309,279,192,198,206,210,197,194,192,294,251,198,306,266,192
180,152,248,148,133,112,307,110,118,118,131,137,120,109,93,288,139,121,127,133,106,107,130,310,176,114,121,106,132,138,102,124,126,162,151,168,118,102,142,278,120,121,99,285,93,294,189,148,210,180,93,99,107,111,98,95,93,195,152,99,207,167,93
288,260,356,256,241,220,415,218,226,226,239,245,228,217,201,396,247,229,235,241,214,215,238,418,284,222,229,214,240,246,210,232,234,270,259,276,226,210,250,386,228,229,207,393,294,201,297,256,318,288,201,207,215,219,206,203,201,303,260,207,315,275,201
183,155,251,151,136,115,310,113,121,121,134,140,123,112,96,291,142,124,130,136,109,110,133,313,179,117,124,109,135,141,105,127,129,165,154,171,121,105,145,281,123,124,102,288,189,297,96,151,213,183,96,102,110,114,101,98,96,198,155,102,210,170,96
142,114,210,110,95,74,269,72,80,80,93,99,82,71,55,250,101,83,89,95,68,69,92,272,138,76,83,68,94,100,64,86,88,124,113,130,80,64,104,240,82,83,61,247,148,256,151,55,172,142,55,61,69,73,60,57,55,157,114,61,169,129,55
204,176,272,172,157,136,331,134,142,142,155,161,144,133,117,312,163,145,151,157,130,131,154,334,200,138,145,130,156,162,126,148,150,186,175,192,142,126,166,302,144,145,123,309,210,318,213,172,117,204,117,123,131,135,122,119,117,219,176,123,231,191,117
174,146,242,142,127,106,301,104,112,112,125,131,114,103,87,282,133,115,121,127,100,101,124,304,170,108,115,100,126,132,96,118,120,156,145,162,112,96,136,272,114,115,93,279,180,288,183,142,204,87,87,93,101,105,92,89,87,189,146,93,201,161,87
87,59,155,55,40,19,214,17,25,25,38,44,27,16,0,195,46,28,34,40,13,14,37,217,83,21,28,13,39,45,9,31,33,69,58,75,25,9,49,185,27,28,6,192,93,201,96,55,117,87,0,6,14,18,5,2,0,102,59,6,114,74,0
93,65,161,61,46,25,220,23,31,31,44,50,33,22,6,201,52,34,40,46,19,20,43,223,89,27,34,19,45,51,15,37,39,75,64,81,31,15,55,191,33,34,12,198,99,207,102,61,123,93,6,6,20,24,11,8,6,108,65,12,120,80,6
101,73,169,69,54,33,228,31,39,39,52,58,41,30,14,209,60,42,48,54,27,28,51,231,97,35,42,27,53,59,23,45,47,83,72,89,39,23,63,199,41,42,20,206,107,215,110,69,131,101,14,20,14,32,19,16,14,116,73,20,128,88,14
105,77,173,73,58,37,232,35,43,43,56,62,45,34,18,213,64,46,52,58,31,32,55,235,101,39,46,31,57,63,27,49,51,87,76,93,43,27,67,203,45,46,24,210,111,219,114,73,135,105,18,24,32,18,23,20,18,120,77,24,132,92,18
92,64,160,60,45,24,219,22,30,30,43,49,32,21,5,200,51,33,39,45,18,19,42,222,88,26,33,18,44,50,14,36,38,74,63,80,30,14,54,190,32,33,11,197,98,206,101,60,122,92,5,11,19,23,5,7,5,107,64,11,119,79,5
89,61,157,57,42,21,216,19,27,27,40,46,29,18,2,197,48,30,36,42,15,16,39,219,85,23,30,15,41,47,11,33,35,71,60,77,27,11,51,187,29,30,8,194,95,203,98,57,119,89,2,8,16,20,7,2,2,104,61,8,116,76,2
87,59,155,55,40,19,214,17,25,25,38,44,27,16,0,195,46,28,34,40,13,14,37,217,83,21,28,13,39,45,9,31,33,69,58,75,25,9,49,185,27,28,6,192,93,201,96,55,117,87,0,6,14,18,5,2,0,102,59,6,114,74,0
189,161,257,157,142,121,316,119,127,127,140,146,129,118,102,297,148,130,136,142,115,116,139,319,185,123,130,115,141,147,111,133,135,171,160,177,127,111,151,287,129,130,108,294,195,303,198,157,219,189,102,108,116,120,107,104,102,102,161,108,216,176,102
146,118,214,114,99,78,273,76,84,84,97,103,86,75,59,254,105,87,93,99,72,73,96,276,142,80,87,72,98,104,68,90,92,128,117,134,84,68,108,244,86,87,65,251,152,260,155,114,176,146,59,65,73,77,64,61,59,161,59,65,173,133,59
93,65,161,61,46,25,220,23,31,31,44,50,33,22,6,201,52,34,40,46,19,20,43,223,89,27,34,19,45,51,15,37,39,75,64,81,31,15,55,191,33,34,12,198,99,207,102,61,123,93,6,12,20,24,11,8,6,108,65,6,120,80,6
201,173,269,169,154,133,328,131,139,139,152,158,141,130,114,309,160,142,148,154,127,128,151,331,197,135,142,127,153,159,123,145,147,183,172,189,139,123,163,299,141,142,120,306,207,315,210,169,231,201,114,120,128,132,119,116,114,216,173,120,114,188,114
161,133,229,129,114,93,288,91,99,99,112,118,101,90,74,269,120,102,108,114,87,88,111,291,157,95,102,87,113,119,83,105,107,143,132,149,99,83,123,259,101,102,80,266,167,275,170,129,191,161,74,80,88,92,79,76,74,176,133,80,188,74,74
87,59,155,55,40,19,214,17,25,25,38,44,27,16,0,195,46,28,34,40,13,14,37,217,83,21,28,13,39,45,9,31,33,69,58,75,25,9,49,185,27,28,6,192,93,201,96,55,117,87,0,6,14,18,5,2,0,102,59,6,114,74,0
