65,91,138,105,77,74,216,81,74,90,83,94,71,84,67,153,81,81,83,99,81,77,70,138,120,68,76,75,79,83,75,78,83,132,111,80,78,74,127,150,81,86,68,152,144,242,135,95,104,121,69,68,76,69,74,68,65,123,74,68,87,140,65
91,26,99,66,38,35,177,42,35,51,44,55,32,45,28,114,42,42,44,60,42,38,31,99,81,29,37,36,40,44,36,39,44,93,72,41,39,35,88,111,42,47,29,113,105,203,96,56,65,82,30,29,37,30,35,29,26,84,35,29,48,101,26
138,99,73,113,85,82,224,89,82,98,91,102,79,92,75,161,89,89,91,107,89,85,78,146,128,76,84,83,87,91,83,86,91,140,119,88,86,82,135,158,89,94,76,160,152,250,143,103,112,129,77,76,84,77,82,76,73,131,82,76,95,148,73
105,66,113,40,52,49,191,56,49,65,58,69,46,59,42,128,56,56,58,74,56,52,45,113,95,43,51,50,54,58,50,53,58,107,86,55,53,49,102,125,56,61,43,127,119,217,110,70,79,96,44,43,51,44,49,43,40,98,49,43,62,115,40
77,38,85,52,12,21,163,28,21,37,30,41,18,31,14,100,28,28,30,46,28,24,17,85,67,15,23,22,26,30,22,25,30,79,58,27,25,21,74,97,28,33,15,99,91,189,82,42,51,68,16,15,23,16,21,15,12,70,21,15,34,87,12
74,35,82,49,21,9,160,25,18,34,27,38,15,28,11,97,25,25,27,43,25,21,14,82,64,12,20,19,23,27,19,22,27,76,55,24,22,18,71,94,25,30,12,96,88,186,79,39,48,65,13,12,20,13,18,12,9,67,18,12,31,84,9
216,177,224,191,163,160,151,167,160,176,169,180,157,170,153,239,167,167,169,185,167,163,156,224,206,154,162,161,165,169,161,164,169,218,197,166,164,160,213,236,167,172,154,238,230,328,221,181,190,207,155,154,162,155,160,154,151,209,160,154,173,226,151
81,42,89,56,28,25,167,16,25,41,34,45,22,35,18,104,32,32,34,50,32,28,21,89,71,19,27,26,30,34,26,29,34,83,62,31,29,25,78,101,32,37,19,103,95,193,86,46,55,72,20,19,27,20,25,19,16,74,25,19,38,91,16
74,35,82,49,21,18,160,25,9,34,27,38,15,28,11,97,25,25,27,43,25,21,14,82,64,12,20,19,23,27,19,22,27,76,55,24,22,18,71,94,25,30,12,96,88,186,79,39,48,65,13,12,20,13,18,12,9,67,18,12,31,84,9
90,51,98,65,37,34,176,41,34,25,43,54,31,44,27,113,41,41,43,59,41,37,30,98,80,28,36,35,39,43,35,38,43,92,71,40,38,34,87,110,41,46,28,112,104,202,95,55,64,81,29,28,36,29,34,28,25,83,34,28,47,100,25
83,44,91,58,30,27,169,34,27,43,18,47,24,37,20,106,34,34,36,52,34,30,23,91,73,21,29,28,32,36,28,31,36,85,64,33,31,27,80,103,34,39,21,105,97,195,88,48,57,74,22,21,29,22,27,21,18,76,27,21,40,93,18
94,55,102,69,41,38,180,45,38,54,47,29,35,48,31,117,45,45,47,63,45,41,34,102,84,32,40,39,43,47,39,42,47,96,75,44,42,38,91,114,45,50,32,116,108,206,99,59,68,85,33,32,40,33,38,32,29,87,38,32,51,104,29
71,32,79,46,18,15,157,22,15,31,24,35,6,25,8,94,22,22,24,40,22,18,11,79,61,9,17,16,20,24,16,19,24,73,52,21,19,15,68,91,22,27,9,93,85,183,76,36,45,62,10,9,17,10,15,9,6,64,15,9,28,81,6
84,45,92,59,31,28,170,35,28,44,37,48,25,19,21,107,35,35,37,53,35,31,24,92,74,22,30,29,33,37,29,32,37,86,65,34,32,28,81,104,35,40,22,106,98,196,89,49,58,75,23,22,30,23,28,22,19,77,28,22,41,94,19
67,28,75,42,14,11,153,18,11,27,20,31,8,21,2,90,18,18,20,36,18,14,7,75,57,5,13,12,16,20,12,15,20,69,48,17,15,11,64,87,18,23,5,89,81,179,72,32,41,58,6,5,13,6,11,5,2,60,11,5,24,77,2
153,114,161,128,100,97,239,104,97,113,106,117,94,107,90,88,104,104,106,122,104,100,93,161,143,91,99,98,102,106,98,101,106,155,134,103,101,97,150,173,104,109,91,175,167,265,158,118,127,144,92,91,99,92,97,91,88,146,97,91,110,163,88
81,42,89,56,28,25,167,32,25,41,34,45,22,35,18,104,16,32,34,50,32,28,21,89,71,19,27,26,30,34,26,29,34,83,62,31,29,25,78,101,32,37,19,103,95,193,86,46,55,72,20,19,27,20,25,19,16,74,25,19,38,91,16
81,42,89,56,28,25,167,32,25,41,34,45,22,35,18,104,32,16,34,50,32,28,21,89,71,19,27,26,30,34,26,29,34,83,62,31,29,25,78,101,32,37,19,103,95,193,86,46,55,72,20,19,27,20,25,19,16,74,25,19,38,91,16
83,44,91,58,30,27,169,34,27,43,36,47,24,37,20,106,34,34,18,52,34,30,23,91,73,21,29,28,32,36,28,31,36,85,64,33,31,27,80,103,34,39,21,105,97,195,88,48,57,74,22,21,29,22,27,21,18,76,27,21,40,93,18
99,60,107,74,46,43,185,50,43,59,52,63,40,53,36,122,50,50,52,34,50,46,39,107,89,37,45,44,48,52,44,47,52,101,80,49,47,43,96,119,50,55,37,121,113,211,104,64,73,90,38,37,45,38,43,37,34,92,43,37,56,109,34
81,42,89,56,28,25,167,32,25,41,34,45,22,35,18,104,32,32,34,50,16,28,21,89,71,19,27,26,30,34,26,29,34,83,62,31,29,25,78,101,32,37,19,103,95,193,86,46,55,72,20,19,27,20,25,19,16,74,25,19,38,91,16
77,38,85,52,24,21,163,28,21,37,30,41,18,31,14,100,28,28,30,46,28,12,17,85,67,15,23,22,26,30,22,25,30,79,58,27,25,21,74,97,28,33,15,99,91,189,82,42,51,68,16,15,23,16,21,15,12,70,21,15,34,87,12
70,31,78,45,17,14,156,21,14,30,23,34,11,24,7,93,21,21,23,39,21,17,5,78,60,8,16,15,19,23,15,18,23,72,51,20,18,14,67,90,21,26,8,92,84,182,75,35,44,61,9,8,16,9,14,8,5,63,14,8,27,80,5
138,99,146,113,85,82,224,89,82,98,91,102,79,92,75,161,89,89,91,107,89,85,78,73,128,76,84,83,87,91,83,86,91,140,119,88,86,82,135,158,89,94,76,160,152,250,143,103,112,129,77,76,84,77,82,76,73,131,82,76,95,148,73
120,81,128,95,67,64,206,71,64,80,73,84,61,74,57,143,71,71,73,89,71,67,60,128,55,58,66,65,69,73,65,68,73,122,101,70,68,64,117,140,71,76,58,142,134,232,125,85,94,111,59,58,66,59,64,58,55,113,64,58,77,130,55
68,29,76,43,15,12,154,19,12,28,21,32,9,22,5,91,19,19,21,37,19,15,8,76,58,3,14,13,17,21,13,16,21,70,49,18,16,12,65,88,19,24,6,90,82,180,73,33,42,59,7,6,14,7,12,6,3,61,12,6,25,78,3
76,37,84,51,23,20,162,27,20,36,29,40,17,30,13,99,27,27,29,45,27,23,16,84,66,14,11,21,25,29,21,24,29,78,57,26,24,20,73,96,27,32,14,98,90,188,81,41,50,67,15,14,22,15,20,14,11,69,20,14,33,86,11
75,36,83,50,22,19,161,26,19,35,28,39,16,29,12,98,26,26,28,44,26,22,15,83,65,13,21,10,24,28,20,23,28,77,56,25,23,19,72,95,26,31,13,97,89,187,80,40,49,66,14,13,21,14,19,13,10,68,19,13,32,85,10
79,40,87,54,26,23,165,30,23,39,32,43,20,33,16,102,30,30,32,48,30,26,19,87,69,17,25,24,14,32,24,27,32,81,60,29,27,23,76,99,30,35,17,101,93,191,84,44,53,70,18,17,25,18,23,17,14,72,23,17,36,89,14
83,44,91,58,30,27,169,34,27,43,36,47,24,37,20,106,34,34,36,52,34,30,23,91,73,21,29,28,32,18,28,31,36,85,64,33,31,27,80,103,34,39,21,105,97,195,88,48,57,74,22,21,29,22,27,21,18,76,27,21,40,93,18
75,36,83,50,22,19,161,26,19,35,28,39,16,29,12,98,26,26,28,44,26,22,15,83,65,13,21,20,24,28,10,23,28,77,56,25,23,19,72,95,26,31,13,97,89,187,80,40,49,66,14,13,21,14,19,13,10,68,19,13,32,85,10
78,39,86,53,25,22,164,29,22,38,31,42,19,32,15,101,29,29,31,47,29,25,18,86,68,16,24,23,27,31,23,13,31,80,59,28,26,22,75,98,29,34,16,100,92,190,83,43,52,69,17,16,24,17,22,16,13,71,22,16,35,88,13
83,44,91,58,30,27,169,34,27,43,36,47,24,37,20,106,34,34,36,52,34,30,23,91,73,21,29,28,32,36,28,31,18,85,64,33,31,27,80,103,34,39,21,105,97,195,88,48,57,74,22,21,29,22,27,21,18,76,27,21,40,93,18
132,93,140,107,79,76,218,83,76,92,85,96,73,86,69,155,83,83,85,101,83,79,72,140,122,70,78,77,81,85,77,80,85,67,113,82,80,76,129,152,83,88,70,154,146,244,137,97,106,123,71,70,78,71,76,70,67,125,76,70,89,142,67
111,72,119,86,58,55,197,62,55,71,64,75,52,65,48,134,62,62,64,80,62,58,51,119,101,49,57,56,60,64,56,59,64,113,46,61,59,55,108,131,62,67,49,133,125,223,116,76,85,102,50,49,57,50,55,49,46,104,55,49,68,121,46
80,41,88,55,27,24,166,31,24,40,33,44,21,34,17,103,31,31,33,49,31,27,20,88,70,18,26,25,29,33,25,28,33,82,61,15,28,24,77,100,31,36,18,102,94,192,85,45,54,71,19,18,26,19,24,18,15,73,24,18,37,90,15
78,39,86,53,25,22,164,29,22,38,31,42,19,32,15,101,29,29,31,47,29,25,18,86,68,16,24,23,27,31,23,26,31,80,59,28,13,22,75,98,29,34,16,100,92,190,83,43,52,69,17,16,24,17,22,16,13,71,22,16,35,88,13
74,35,82,49,21,18,160,25,18,34,27,38,15,28,11,97,25,25,27,43,25,21,14,82,64,12,20,19,23,27,19,22,27,76,55,24,22,9,71,94,25,30,12,96,88,186,79,39,48,65,13,12,20,13,18,12,9,67,18,12,31,84,9
127,88,135,102,74,71,213,78,71,87,80,91,68,81,64,150,78,78,80,96,78,74,67,135,117,65,73,72,76,80,72,75,80,129,108,77,75,71,62,147,78,83,65,149,141,239,132,92,101,118,66,65,73,66,71,65,62,120,71,65,84,137,62
150,111,158,125,97,94,236,101,94,110,103,114,91,104,87,173,101,101,103,119,101,97,90,158,140,88,96,95,99,103,95,98,103,152,131,100,98,94,147,85,101,106,88,172,164,262,155,115,124,141,89,88,96,89,94,88,85,143,94,88,107,160,85
81,42,89,56,28,25,167,32,25,41,34,45,22,35,18,104,32,32,34,50,32,28,21,89,71,19,27,26,30,34,26,29,34,83,62,31,29,25,78,101,16,37,19,103,95,193,86,46,55,72,20,19,27,20,25,19,16,74,25,19,38,91,16
86,47,94,61,33,30,172,37,30,46,39,50,27,40,23,109,37,37,39,55,37,33,26,94,76,24,32,31,35,39,31,34,39,88,67,36,34,30,83,106,37,21,24,108,100,198,91,51,60,77,25,24,32,25,30,24,21,79,30,24,43,96,21
68,29,76,43,15,12,154,19,12,28,21,32,9,22,5,91,19,19,21,37,19,15,8,76,58,6,14,13,17,21,13,16,21,70,49,18,16,12,65,88,19,24,3,90,82,180,73,33,42,59,7,6,14,7,12,6,3,61,12,6,25,78,3
152,113,160,127,99,96,238,103,96,112,105,116,93,106,89,175,103,103,105,121,103,99,92,160,142,90,98,97,101,105,97,100,105,154,133,102,100,96,149,172,103,108,90,87,166,264,157,117,126,143,91,90,98,91,96,90,87,145,96,90,109,162,87
144,105,152,119,91,88,230,95,88,104,97,108,85,98,81,167,95,95,97,113,95,91,84,152,134,82,90,89,93,97,89,92,97,146,125,94,92,88,141,164,95,100,82,166,79,256,149,109,118,135,83,82,90,83,88,82,79,137,88,82,101,154,79
242,203,250,217,189,186,328,193,186,202,195,206,183,196,179,265,193,193,195,211,193,189,182,250,232,180,188,187,191,195,187,190,195,244,223,192,190,186,239,262,193,198,180,264,256,177,247,207,216,233,181,180,188,181,186,180,177,235,186,180,199,252,177
135,96,143,110,82,79,221,86,79,95,88,99,76,89,72,158,86,86,88,104,86,82,75,143,125,73,81,80,84,88,80,83,88,137,116,85,83,79,132,155,86,91,73,157,149,247,70,100,109,126,74,73,81,74,79,73,70,128,79,73,92,145,70
95,56,103,70,42,39,181,46,39,55,48,59,36,49,32,118,46,46,48,64,46,42,35,103,85,33,41,40,44,48,40,43,48,97,76,45,43,39,92,115,46,51,33,117,109,207,100,30,69,86,34,33,41,34,39,33,30,88,39,33,52,105,30
104,65,112,79,51,48,190,55,48,64,57,68,45,58,41,127,55,55,57,73,55,51,44,112,94,42,50,49,53,57,49,52,57,106,85,54,52,48,101,124,55,60,42,126,118,216,109,69,39,95,43,42,50,43,48,42,39,97,48,42,61,114,39
121,82,129,96,68,65,207,72,65,81,74,85,62,75,58,144,72,72,74,90,72,68,61,129,111,59,67,66,70,74,66,69,74,123,102,71,69,65,118,141,72,77,59,143,135,233,126,86,95,56,60,59,67,60,65,59,56,114,65,59,78,131,56
69,30,77,44,16,13,155,20,13,29,22,33,10,23,6,92,20,20,22,38,20,16,9,77,59,7,15,14,18,22,14,17,22,71,50,19,17,13,66,89,20,25,7,91,83,181,74,34,43,60,4,7,15,8,13,7,4,62,13,7,26,79,4
68,29,76,43,15,12,154,19,12,28,21,32,9,22,5,91,19,19,21,37,19,15,8,76,58,6,14,13,17,21,13,16,21,70,49,18,16,12,65,88,19,24,6,90,82,180,73,33,42,59,7,3,14,7,12,6,3,61,12,6,25,78,3
76,37,84,51,23,20,162,27,20,36,29,40,17,30,13,99,27,27,29,45,27,23,16,84,66,14,22,21,25,29,21,24,29,78,57,26,24,20,73,96,27,32,14,98,90,188,81,41,50,67,15,14,11,15,20,14,11,69,20,14,33,86,11
69,30,77,44,16,13,155,20,13,29,22,33,10,23,6,92,20,20,22,38,20,16,9,77,59,7,15,14,18,22,14,17,22,71,50,19,17,13,66,89,20,25,7,91,83,181,74,34,43,60,8,7,15,4,13,7,4,62,13,7,26,79,4
74,35,82,49,21,18,160,25,18,34,27,38,15,28,11,97,25,25,27,43,25,21,14,82,64,12,20,19,23,27,19,22,27,76,55,24,22,18,71,94,25,30,12,96,88,186,79,39,48,65,13,12,20,13,9,12,9,67,18,12,31,84,9
68,29,76,43,15,12,154,19,12,28,21,32,9,22,5,91,19,19,21,37,19,15,8,76,58,6,14,13,17,21,13,16,21,70,49,18,16,12,65,88,19,24,6,90,82,180,73,33,42,59,7,6,14,7,12,3,3,61,12,6,25,78,3
65,26,73,40,12,9,151,16,9,25,18,29,6,19,2,88,16,16,18,34,16,12,5,73,55,3,11,10,14,18,10,13,18,67,46,15,13,9,62,85,16,21,3,87,79,177,70,30,39,56,4,3,11,4,9,3,0,58,9,3,22,75,0
123,84,131,98,70,67,209,74,67,83,76,87,64,77,60,146,74,74,76,92,74,70,63,131,113,61,69,68,72,76,68,71,76,125,104,73,71,67,120,143,74,79,61,145,137,235,128,88,97,114,62,61,69,62,67,61,58,58,67,61,80,133,58
74,35,82,49,21,18,160,25,18,34,27,38,15,28,11,97,25,25,27,43,25,21,14,82,64,12,20,19,23,27,19,22,27,76,55,24,22,18,71,94,25,30,12,96,88,186,79,39,48,65,13,12,20,13,18,12,9,67,9,12,31,84,9
68,29,76,43,15,12,154,19,12,28,21,32,9,22,5,91,19,19,21,37,19,15,8,76,58,6,14,13,17,21,13,16,21,70,49,18,16,12,65,88,19,24,6,90,82,180,73,33,42,59,7,6,14,7,12,6,3,61,12,3,25,78,3
87,48,95,62,34,31,173,38,31,47,40,51,28,41,24,110,38,38,40,56,38,34,27,95,77,25,33,32,36,40,32,35,40,89,68,37,35,31,84,107,38,43,25,109,101,199,92,52,61,78,26,25,33,26,31,25,22,80,31,25,22,97,22
140,101,148,115,87,84,226,91,84,100,93,104,81,94,77,163,91,91,93,109,91,87,80,148,130,78,86,85,89,93,85,88,93,142,121,90,88,84,137,160,91,96,78,162,154,252,145,105,114,131,79,78,86,79,84,78,75,133,84,78,97,75,75
65,26,73,40,12,9,151,16,9,25,18,29,6,19,2,88,16,16,18,34,16,12,5,73,55,3,11,10,14,18,10,13,18,67,46,15,13,9,62,85,16,21,3,87,79,177,70,30,39,56,4,3,11,4,9,3,0,58,9,3,22,75,0
