0,6,0,0,0,0,32,6,0,0,0,0,0,0,0,6,0,5,0,44,0,0,2,1,3,0,3,0,0,0,0,0,4,1,1,1,0,1,7,11,0,0,0,0,0,0,0,1,0,0,0,0,1,2,0,1,0,0,0,0,0,0,0
6,6,6,6,6,6,38,12,6,6,6,6,6,6,6,12,6,11,6,50,6,6,8,7,9,6,9,6,6,6,6,6,10,7,7,7,6,7,13,17,6,6,6,6,6,6,6,7,6,6,6,6,7,8,6,7,6,6,6,6,6,6,6
0,6,0,0,0,0,32,6,0,0,0,0,0,0,0,6,0,5,0,44,0,0,2,1,3,0,3,0,0,0,0,0,4,1,1,1,0,1,7,11,0,0,0,0,0,0,0,1,0,0,0,0,1,2,0,1,0,0,0,0,0,0,0
0,6,0,0,0,0,32,6,0,0,0,0,0,0,0,6,0,5,0,44,0,0,2,1,3,0,3,0,0,0,0,0,4,1,1,1,0,1,7,11,0,0,0,0,0,0,0,1,0,0,0,0,1,2,0,1,0,0,0,0,0,0,0
0,6,0,0,0,0,32,6,0,0,0,0,0,0,0,6,0,5,0,44,0,0,2,1,3,0,3,0,0,0,0,0,4,1,1,1,0,1,7,11,0,0,0,0,0,0,0,1,0,0,0,0,1,2,0,1,0,0,0,0,0,0,0
0,6,0,0,0,0,32,6,0,0,0,0,0,0,0,6,0,5,0,44,0,0,2,1,3,0,3,0,0,0,0,0,4,1,1,1,0,1,7,11,0,0,0,0,0,0,0,1,0,0,0,0,1,2,0,1,0,0,0,0,0,0,0
32,38,32,32,32,32,32,38,32,32,32,32,32,32,32,38,32,37,32,76,32,32,34,33,35,32,35,32,32,32,32,32,36,33,33,33,32,33,39,43,32,32,32,32,32,32,32,33,32,32,32,32,33,34,32,33,32,32,32,32,32,32,32
6,12,6,6,6,6,38,6,6,6,6,6,6,6,6,12,6,11,6,50,6,6,8,7,9,6,9,6,6,6,6,6,10,7,7,7,6,7,13,17,6,6,6,6,6,6,6,7,6,6,6,6,7,8,6,7,6,6,6,6,6,6,6
0,6,0,0,0,0,32,6,0,0,0,0,0,0,0,6,0,5,0,44,0,0,2,1,3,0,3,0,0,0,0,0,4,1,1,1,0,1,7,11,0,0,0,0,0,0,0,1,0,0,0,0,1,2,0,1,0,0,0,0,0,0,0
0,6,0,0,0,0,32,6,0,0,0,0,0,0,0,6,0,5,0,44,0,0,2,1,3,0,3,0,0,0,0,0,4,1,1,1,0,1,7,11,0,0,0,0,0,0,0,1,0,0,0,0,1,2,0,1,0,0,0,0,0,0,0
0,6,0,0,0,0,32,6,0,0,0,0,0,0,0,6,0,5,0,44,0,0,2,1,3,0,3,0,0,0,0,0,4,1,1,1,0,1,7,11,0,0,0,0,0,0,0,1,0,0,0,0,1,2,0,1,0,0,0,0,0,0,0
0,6,0,0,0,0,32,6,0,0,0,0,0,0,0,6,0,5,0,44,0,0,2,1,3,0,3,0,0,0,0,0,4,1,1,1,0,1,7,11,0,0,0,0,0,0,0,1,0,0,0,0,1,2,0,1,0,0,0,0,0,0,0
0,6,0,0,0,0,32,6,0,0,0,0,0,0,0,6,0,5,0,44,0,0,2,1,3,0,3,0,0,0,0,0,4,1,1,1,0,1,7,11,0,0,0,0,0,0,0,1,0,0,0,0,1,2,0,1,0,0,0,0,0,0,0
0,6,0,0,0,0,32,6,0,0,0,0,0,0,0,6,0,5,0,44,0,0,2,1,3,0,3,0,0,0,0,0,4,1,1,1,0,1,7,11,0,0,0,0,0,0,0,1,0,0,0,0,1,2,0,1,0,0,0,0,0,0,0
0,6,0,0,0,0,32,6,0,0,0,0,0,0,0,6,0,5,0,44,0,0,2,1,3,0,3,0,0,0,0,0,4,1,1,1,0,1,7,11,0,0,0,0,0,0,0,1,0,0,0,0,1,2,0,1,0,0,0,0,0,0,0
6,12,6,6,6,6,38,12,6,6,6,6,6,6,6,6,6,11,6,50,6,6,8,7,9,6,9,6,6,6,6,6,10,7,7,7,6,7,13,17,6,6,6,6,6,6,6,7,6,6,6,6,7,8,6,7,6,6,6,6,6,6,6
0,6,0,0,0,0,32,6,0,0,0,0,0,0,0,6,0,5,0,44,0,0,2,1,3,0,3,0,0,0,0,0,4,1,1,1,0,1,7,11,0,0,0,0,0,0,0,1,0,0,0,0,1,2,0,1,0,0,0,0,0,0,0
5,11,5,5,5,5,37,11,5,5,5,5,5,5,5,11,5,5,5,49,5,5,7,6,8,5,8,5,5,5,5,5,9,6,6,6,5,6,12,16,5,5,5,5,5,5,5,6,5,5,5,5,6,7,5,6,5,5,5,5,5,5,5
0,6,0,0,0,0,32,6,0,0,0,0,0,0,0,6,0,5,0,44,0,0,2,1,3,0,3,0,0,0,0,0,4,1,1,1,0,1,7,11,0,0,0,0,0,0,0,1,0,0,0,0,1,2,0,1,0,0,0,0,0,0,0
44,50,44,44,44,44,76,50,44,44,44,44,44,44,44,50,44,49,44,44,44,44,46,45,47,44,47,44,44,44,44,44,48,45,45,45,44,45,51,55,44,44,44,44,44,44,44,45,44,44,44,44,45,46,44,45,44,44,44,44,44,44,44
0,6,0,0,0,0,32,6,0,0,0,0,0,0,0,6,0,5,0,44,0,0,2,1,3,0,3,0,0,0,0,0,4,1,1,1,0,1,7,11,0,0,0,0,0,0,0,1,0,0,0,0,1,2,0,1,0,0,0,0,0,0,0
0,6,0,0,0,0,32,6,0,0,0,0,0,0,0,6,0,5,0,44,0,0,2,1,3,0,3,0,0,0,0,0,4,1,1,1,0,1,7,11,0,0,0,0,0,0,0,1,0,0,0,0,1,2,0,1,0,0,0,0,0,0,0
2,8,2,2,2,2,34,8,2,2,2,2,2,2,2,8,2,7,2,46,2,2,2,3,5,2,5,2,2,2,2,2,6,3,3,3,2,3,9,13,2,2,2,2,2,2,2,3,2,2,2,2,3,4,2,3,2,2,2,2,2,2,2
1,7,1,1,1,1,33,7,1,1,1,1,1,1,1,7,1,6,1,45,1,1,3,1,4,1,4,1,1,1,1,1,5,2,2,2,1,2,8,12,1,1,1,1,1,1,1,2,1,1,1,1,2,3,1,2,1,1,1,1,1,1,1
3,9,3,3,3,3,35,9,3,3,3,3,3,3,3,9,3,8,3,47,3,3,5,4,3,3,6,3,3,3,3,3,7,4,4,4,3,4,10,14,3,3,3,3,3,3,3,4,3,3,3,3,4,5,3,4,3,3,3,3,3,3,3
0,6,0,0,0,0,32,6,0,0,0,0,0,0,0,6,0,5,0,44,0,0,2,1,3,0,3,0,0,0,0,0,4,1,1,1,0,1,7,11,0,0,0,0,0,0,0,1,0,0,0,0,1,2,0,1,0,0,0,0,0,0,0
3,9,3,3,3,3,35,9,3,3,3,3,3,3,3,9,3,8,3,47,3,3,5,4,6,3,3,3,3,3,3,3,7,4,4,4,3,4,10,14,3,3,3,3,3,3,3,4,3,3,3,3,4,5,3,4,3,3,3,3,3,3,3
0,6,0,0,0,0,32,6,0,0,0,0,0,0,0,6,0,5,0,44,0,0,2,1,3,0,3,0,0,0,0,0,4,1,1,1,0,1,7,11,0,0,0,0,0,0,0,1,0,0,0,0,1,2,0,1,0,0,0,0,0,0,0
0,6,0,0,0,0,32,6,0,0,0,0,0,0,0,6,0,5,0,44,0,0,2,1,3,0,3,0,0,0,0,0,4,1,1,1,0,1,7,11,0,0,0,0,0,0,0,1,0,0,0,0,1,2,0,1,0,0,0,0,0,0,0
0,6,0,0,0,0,32,6,0,0,0,0,0,0,0,6,0,5,0,44,0,0,2,1,3,0,3,0,0,0,0,0,4,1,1,1,0,1,7,11,0,0,0,0,0,0,0,1,0,0,0,0,1,2,0,1,0,0,0,0,0,0,0
0,6,0,0,0,0,32,6,0,0,0,0,0,0,0,6,0,5,0,44,0,0,2,1,3,0,3,0,0,0,0,0,4,1,1,1,0,1,7,11,0,0,0,0,0,0,0,1,0,0,0,0,1,2,0,1,0,0,0,0,0,0,0
0,6,0,0,0,0,32,6,0,0,0,0,0,0,0,6,0,5,0,44,0,0,2,1,3,0,3,0,0,0,0,0,4,1,1,1,0,1,7,11,0,0,0,0,0,0,0,1,0,0,0,0,1,2,0,1,0,0,0,0,0,0,0
4,10,4,4,4,4,36,10,4,4,4,4,4,4,4,10,4,9,4,48,4,4,6,5,7,4,7,4,4,4,4,4,4,5,5,5,4,5,11,15,4,4,4,4,4,4,4,5,4,4,4,4,5,6,4,5,4,4,4,4,4,4,4
1,7,1,1,1,1,33,7,1,1,1,1,1,1,1,7,1,6,1,45,1,1,3,2,4,1,4,1,1,1,1,1,5,1,2,2,1,2,8,12,1,1,1,1,1,1,1,2,1,1,1,1,2,3,1,2,1,1,1,1,1,1,1
1,7,1,1,1,1,33,7,1,1,1,1,1,1,1,7,1,6,1,45,1,1,3,2,4,1,4,1,1,1,1,1,5,2,1,2,1,2,8,12,1,1,1,1,1,1,1,2,1,1,1,1,2,3,1,2,1,1,1,1,1,1,1
1,7,1,1,1,1,33,7,1,1,1,1,1,1,1,7,1,6,1,45,1,1,3,2,4,1,4,1,1,1,1,1,5,2,2,1,1,2,8,12,1,1,1,1,1,1,1,2,1,1,1,1,2,3,1,2,1,1,1,1,1,1,1
0,6,0,0,0,0,32,6,0,0,0,0,0,0,0,6,0,5,0,44,0,0,2,1,3,0,3,0,0,0,0,0,4,1,1,1,0,1,7,11,0,0,0,0,0,0,0,1,0,0,0,0,1,2,0,1,0,0,0,0,0,0,0
1,7,1,1,1,1,33,7,1,1,1,1,1,1,1,7,1,6,1,45,1,1,3,2,4,1,4,1,1,1,1,1,5,2,2,2,1,1,8,12,1,1,1,1,1,1,1,2,1,1,1,1,2,3,1,2,1,1,1,1,1,1,1
7,13,7,7,7,7,39,13,7,7,7,7,7,7,7,13,7,12,7,51,7,7,9,8,10,7,10,7,7,7,7,7,11,8,8,8,7,8,7,18,7,7,7,7,7,7,7,8,7,7,7,7,8,9,7,8,7,7,7,7,7,7,7
11,17,11,11,11,11,43,17,11,11,11,11,11,11,11,17,11,16,11,55,11,11,13,12,14,11,14,11,11,11,11,11,15,12,12,12,11,12,18,11,11,11,11,11,11,11,11,12,11,11,11,11,12,13,11,12,11,11,11,11,11,11,11
0,6,0,0,0,0,32,6,0,0,0,0,0,0,0,6,0,5,0,44,0,0,2,1,3,0,3,0,0,0,0,0,4,1,1,1,0,1,7,11,0,0,0,0,0,0,0,1,0,0,0,0,1,2,0,1,0,0,0,0,0,0,0
0,6,0,0,0,0,32,6,0,0,0,0,0,0,0,6,0,5,0,44,0,0,2,1,3,0,3,0,0,0,0,0,4,1,1,1,0,1,7,11,0,0,0,0,0,0,0,1,0,0,0,0,1,2,0,1,0,0,0,0,0,0,0
0,6,0,0,0,0,32,6,0,0,0,0,0,0,0,6,0,5,0,44,0,0,2,1,3,0,3,0,0,0,0,0,4,1,1,1,0,1,7,11,0,0,0,0,0,0,0,1,0,0,0,0,1,2,0,1,0,0,0,0,0,0,0
0,6,0,0,0,0,32,6,0,0,0,0,0,0,0,6,0,5,0,44,0,0,2,1,3,0,3,0,0,0,0,0,4,1,1,1,0,1,7,11,0,0,0,0,0,0,0,1,0,0,0,0,1,2,0,1,0,0,0,0,0,0,0
0,6,0,0,0,0,32,6,0,0,0,0,0,0,0,6,0,5,0,44,0,0,2,1,3,0,3,0,0,0,0,0,4,1,1,1,0,1,7,11,0,0,0,0,0,0,0,1,0,0,0,0,1,2,0,1,0,0,0,0,0,0,0
0,6,0,0,0,0,32,6,0,0,0,0,0,0,0,6,0,5,0,44,0,0,2,1,3,0,3,0,0,0,0,0,4,1,1,1,0,1,7,11,0,0,0,0,0,0,0,1,0,0,0,0,1,2,0,1,0,0,0,0,0,0,0
0,6,0,0,0,0,32,6,0,0,0,0,0,0,0,6,0,5,0,44,0,0,2,1,3,0,3,0,0,0,0,0,4,1,1,1,0,1,7,11,0,0,0,0,0,0,0,1,0,0,0,0,1,2,0,1,0,0,0,0,0,0,0
1,7,1,1,1,1,33,7,1,1,1,1,1,1,1,7,1,6,1,45,1,1,3,2,4,1,4,1,1,1,1,1,5,2,2,2,1,2,8,12,1,1,1,1,1,1,1,1,1,1,1,1,2,3,1,2,1,1,1,1,1,1,1
0,6,0,0,0,0,32,6,0,0,0,0,0,0,0,6,0,5,0,44,0,0,2,1,3,0,3,0,0,0,0,0,4,1,1,1,0,1,7,11,0,0,0,0,0,0,0,1,0,0,0,0,1,2,0,1,0,0,0,0,0,0,0
0,6,0,0,0,0,32,6,0,0,0,0,0,0,0,6,0,5,0,44,0,0,2,1,3,0,3,0,0,0,0,0,4,1,1,1,0,1,7,11,0,0,0,0,0,0,0,1,0,0,0,0,1,2,0,1,0,0,0,0,0,0,0
0,6,0,0,0,0,32,6,0,0,0,0,0,0,0,6,0,5,0,44,0,0,2,1,3,0,3,0,0,0,0,0,4,1,1,1,0,1,7,11,0,0,0,0,0,0,0,1,0,0,0,0,1,2,0,1,0,0,0,0,0,0,0
0,6,0,0,0,0,32,6,0,0,0,0,0,0,0,6,0,5,0,44,0,0,2,1,3,0,3,0,0,0,0,0,4,1,1,1,0,1,7,11,0,0,0,0,0,0,0,1,0,0,0,0,1,2,0,1,0,0,0,0,0,0,0
1,7,1,1,1,1,33,7,1,1,1,1,1,1,1,7,1,6,1,45,1,1,3,2,4,1,4,1,1,1,1,1,5,2,2,2,1,2,8,12,1,1,1,1,1,1,1,2,1,1,1,1,1,3,1,2,1,1,1,1,1,1,1
2,8,2,2,2,2,34,8,2,2,2,2,2,2,2,8,2,7,2,46,2,2,4,3,5,2,5,2,2,2,2,2,6,3,3,3,2,3,9,13,2,2,2,2,2,2,2,3,2,2,2,2,3,2,2,3,2,2,2,2,2,2,2
0,6,0,0,0,0,32,6,0,0,0,0,0,0,0,6,0,5,0,44,0,0,2,1,3,0,3,0,0,0,0,0,4,1,1,1,0,1,7,11,0,0,0,0,0,0,0,1,0,0,0,0,1,2,0,1,0,0,0,0,0,0,0
1,7,1,1,1,1,33,7,1,1,1,1,1,1,1,7,1,6,1,45,1,1,3,2,4,1,4,1,1,1,1,1,5,2,2,2,1,2,8,12,1,1,1,1,1,1,1,2,1,1,1,1,2,3,1,1,1,1,1,1,1,1,1
0,6,0,0,0,0,32,6,0,0,0,0,0,0,0,6,0,5,0,44,0,0,2,1,3,0,3,0,0,0,0,0,4,1,1,1,0,1,7,11,0,0,0,0,0,0,0,1,0,0,0,0,1,2,0,1,0,0,0,0,0,0,0
0,6,0,0,0,0,32,6,0,0,0,0,0,0,0,6,0,5,0,44,0,0,2,1,3,0,3,0,0,0,0,0,4,1,1,1,0,1,7,11,0,0,0,0,0,0,0,1,0,0,0,0,1,2,0,1,0,0,0,0,0,0,0
0,6,0,0,0,0,32,6,0,0,0,0,0,0,0,6,0,5,0,44,0,0,2,1,3,0,3,0,0,0,0,0,4,1,1,1,0,1,7,11,0,0,0,0,0,0,0,1,0,0,0,0,1,2,0,1,0,0,0,0,0,0,0
0,6,0,0,0,0,32,6,0,0,0,0,0,0,0,6,0,5,0,44,0,0,2,1,3,0,3,0,0,0,0,0,4,1,1,1,0,1,7,11,0,0,0,0,0,0,0,1,0,0,0,0,1,2,0,1,0,0,0,0,0,0,0
0,6,0,0,0,0,32,6,0,0,0,0,0,0,0,6,0,5,0,44,0,0,2,1,3,0,3,0,0,0,0,0,4,1,1,1,0,1,7,11,0,0,0,0,0,0,0,1,0,0,0,0,1,2,0,1,0,0,0,0,0,0,0
0,6,0,0,0,0,32,6,0,0,0,0,0,0,0,6,0,5,0,44,0,0,2,1,3,0,3,0,0,0,0,0,4,1,1,1,0,1,7,11,0,0,0,0,0,0,0,1,0,0,0,0,1,2,0,1,0,0,0,0,0,0,0
0,6,0,0,0,0,32,6,0,0,0,0,0,0,0,6,0,5,0,44,0,0,2,1,3,0,3,0,0,0,0,0,4,1,1,1,0,1,7,11,0,0,0,0,0,0,0,1,0,0,0,0,1,2,0,1,0,0,0,0,0,0,0
