63,113,173,104,88,83,222,80,67,94,97,91,88,89,65,234,105,95,86,114,78,80,108,209,156,69,81,80,83,93,65,98,89,124,121,114,93,76,128,205,88,88,69,182,145,307,174,121,183,148,64,69,90,71,71,65,65,120,83,73,125,145,63
113,50,160,91,75,70,209,67,54,81,84,78,75,76,52,221,92,82,73,101,65,67,95,196,143,56,68,67,70,80,52,85,76,111,108,101,80,63,115,192,75,75,56,169,132,294,161,108,170,135,51,56,77,58,58,52,52,107,70,60,112,132,50
173,160,110,151,135,130,269,127,114,141,144,138,135,136,112,281,152,142,133,161,125,127,155,256,203,116,128,127,130,140,112,145,136,171,168,161,140,123,175,252,135,135,116,229,192,354,221,168,230,195,111,116,137,118,118,112,112,167,130,120,172,192,110
104,91,151,41,66,61,200,58,45,72,75,69,66,67,43,212,83,73,64,92,56,58,86,187,134,47,59,58,61,71,43,76,67,102,99,92,71,54,106,183,66,66,47,160,123,285,152,99,161,126,42,47,68,49,49,43,43,98,61,51,103,123,41
88,75,135,66,25,45,184,42,29,56,59,53,50,51,27,196,67,57,48,76,40,42,70,171,118,31,43,42,45,55,27,60,51,86,83,76,55,38,90,167,50,50,31,144,107,269,136,83,145,110,26,31,52,33,33,27,27,82,45,35,87,107,25
83,70,130,61,45,20,179,37,24,51,54,48,45,46,22,191,62,52,43,71,35,37,65,166,113,26,38,37,40,50,22,55,46,81,78,71,50,33,85,162,45,45,26,139,102,264,131,78,140,105,21,26,47,28,28,22,22,77,40,30,82,102,20
222,209,269,200,184,179,159,176,163,190,193,187,184,185,161,330,201,191,182,210,174,176,204,305,252,165,177,176,179,189,161,194,185,220,217,210,189,172,224,301,184,184,165,278,241,403,270,217,279,244,160,165,186,167,167,161,161,216,179,169,221,241,159
80,67,127,58,42,37,176,17,21,48,51,45,42,43,19,188,59,49,40,68,32,34,62,163,110,23,35,34,37,47,19,52,43,78,75,68,47,30,82,159,42,42,23,136,99,261,128,75,137,102,18,23,44,25,25,19,19,74,37,27,79,99,17
67,54,114,45,29,24,163,21,4,35,38,32,29,30,6,175,46,36,27,55,19,21,49,150,97,10,22,21,24,34,6,39,30,65,62,55,34,17,69,146,29,29,10,123,86,248,115,62,124,89,5,10,31,12,12,6,6,61,24,14,66,86,4
94,81,141,72,56,51,190,48,35,31,65,59,56,57,33,202,73,63,54,82,46,48,76,177,124,37,49,48,51,61,33,66,57,92,89,82,61,44,96,173,56,56,37,150,113,275,142,89,151,116,32,37,58,39,39,33,33,88,51,41,93,113,31
97,84,144,75,59,54,193,51,38,65,34,62,59,60,36,205,76,66,57,85,49,51,79,180,127,40,52,51,54,64,36,69,60,95,92,85,64,47,99,176,59,59,40,153,116,278,145,92,154,119,35,40,61,42,42,36,36,91,54,44,96,116,34
91,78,138,69,53,48,187,45,32,59,62,28,53,54,30,199,70,60,51,79,43,45,73,174,121,34,46,45,48,58,30,63,54,89,86,79,58,41,93,170,53,53,34,147,110,272,139,86,148,113,29,34,55,36,36,30,30,85,48,38,90,110,28
88,75,135,66,50,45,184,42,29,56,59,53,25,51,27,196,67,57,48,76,40,42,70,171,118,31,43,42,45,55,27,60,51,86,83,76,55,38,90,167,50,50,31,144,107,269,136,83,145,110,26,31,52,33,33,27,27,82,45,35,87,107,25
89,76,136,67,51,46,185,43,30,57,60,54,51,26,28,197,68,58,49,77,41,43,71,172,119,32,44,43,46,56,28,61,52,87,84,77,56,39,91,168,51,51,32,145,108,270,137,84,146,111,27,32,53,34,34,28,28,83,46,36,88,108,26
65,52,112,43,27,22,161,19,6,33,36,30,27,28,2,173,44,34,25,53,17,19,47,148,95,8,20,19,22,32,4,37,28,63,60,53,32,15,67,144,27,27,8,121,84,246,113,60,122,87,3,8,29,10,10,4,4,59,22,12,64,84,2
234,221,281,212,196,191,330,188,175,202,205,199,196,197,173,171,213,203,194,222,186,188,216,317,264,177,189,188,191,201,173,206,197,232,229,222,201,184,236,313,196,196,177,290,253,415,282,229,291,256,172,177,198,179,179,173,173,228,191,181,233,253,171
105,92,152,83,67,62,201,59,46,73,76,70,67,68,44,213,42,74,65,93,57,59,87,188,135,48,60,59,62,72,44,77,68,103,100,93,72,55,107,184,67,67,48,161,124,286,153,100,162,127,43,48,69,50,50,44,44,99,62,52,104,124,42
95,82,142,73,57,52,191,49,36,63,66,60,57,58,34,203,74,32,55,83,47,49,77,178,125,38,50,49,52,62,34,67,58,93,90,83,62,45,97,174,57,57,38,151,114,276,143,90,152,117,33,38,59,40,40,34,34,89,52,42,94,114,32
86,73,133,64,48,43,182,40,27,54,57,51,48,49,25,194,65,55,23,74,38,40,68,169,116,29,41,40,43,53,25,58,49,84,81,74,53,36,88,165,48,48,29,142,105,267,134,81,143,108,24,29,50,31,31,25,25,80,43,33,85,105,23
114,101,161,92,76,71,210,68,55,82,85,79,76,77,53,222,93,83,74,51,66,68,96,197,144,57,69,68,71,81,53,86,77,112,109,102,81,64,116,193,76,76,57,170,133,295,162,109,171,136,52,57,78,59,59,53,53,108,71,61,113,133,51
78,65,125,56,40,35,174,32,19,46,49,43,40,41,17,186,57,47,38,66,15,32,60,161,108,21,33,32,35,45,17,50,41,76,73,66,45,28,80,157,40,40,21,134,97,259,126,73,135,100,16,21,42,23,23,17,17,72,35,25,77,97,15
80,67,127,58,42,37,176,34,21,48,51,45,42,43,19,188,59,49,40,68,32,17,62,163,110,23,35,34,37,47,19,52,43,78,75,68,47,30,82,159,42,42,23,136,99,261,128,75,137,102,18,23,44,25,25,19,19,74,37,27,79,99,17
108,95,155,86,70,65,204,62,49,76,79,73,70,71,47,216,87,77,68,96,60,62,45,191,138,51,63,62,65,75,47,80,71,106,103,96,75,58,110,187,70,70,51,164,127,289,156,103,165,130,46,51,72,53,53,47,47,102,65,55,107,127,45
209,196,256,187,171,166,305,163,150,177,180,174,171,172,148,317,188,178,169,197,161,163,191,146,239,152,164,163,166,176,148,181,172,207,204,197,176,159,211,288,171,171,152,265,228,390,257,204,266,231,147,152,173,154,154,148,148,203,166,156,208,228,146
156,143,203,134,118,113,252,110,97,124,127,121,118,119,95,264,135,125,116,144,108,110,138,239,93,99,111,110,113,123,95,128,119,154,151,144,123,106,158,235,118,118,99,212,175,337,204,151,213,178,94,99,120,101,101,95,95,150,113,103,155,175,93
69,56,116,47,31,26,165,23,10,37,40,34,31,32,8,177,48,38,29,57,21,23,51,152,99,6,24,23,26,36,8,41,32,67,64,57,36,19,71,148,31,31,12,125,88,250,117,64,126,91,7,12,33,14,14,8,8,63,26,16,68,88,6
81,68,128,59,43,38,177,35,22,49,52,46,43,44,20,189,60,50,41,69,33,35,63,164,111,24,18,35,38,48,20,53,44,79,76,69,48,31,83,160,43,43,24,137,100,262,129,76,138,103,19,24,45,26,26,20,20,75,38,28,80,100,18
80,67,127,58,42,37,176,34,21,48,51,45,42,43,19,188,59,49,40,68,32,34,62,163,110,23,35,17,37,47,19,52,43,78,75,68,47,30,82,159,42,42,23,136,99,261,128,75,137,102,18,23,44,25,25,19,19,74,37,27,79,99,17
83,70,130,61,45,40,179,37,24,51,54,48,45,46,22,191,62,52,43,71,35,37,65,166,113,26,38,37,20,50,22,55,46,81,78,71,50,33,85,162,45,45,26,139,102,264,131,78,140,105,21,26,47,28,28,22,22,77,40,30,82,102,20
93,80,140,71,55,50,189,47,34,61,64,58,55,56,32,201,72,62,53,81,45,47,75,176,123,36,48,47,50,30,32,65,56,91,88,81,60,43,95,172,55,55,36,149,112,274,141,88,150,115,31,36,57,38,38,32,32,87,50,40,92,112,30
65,52,112,43,27,22,161,19,6,33,36,30,27,28,4,173,44,34,25,53,17,19,47,148,95,8,20,19,22,32,2,37,28,63,60,53,32,15,67,144,27,27,8,121,84,246,113,60,122,87,3,8,29,10,10,4,4,59,22,12,64,84,2
98,85,145,76,60,55,194,52,39,66,69,63,60,61,37,206,77,67,58,86,50,52,80,181,128,41,53,52,55,65,37,35,61,96,93,86,65,48,100,177,60,60,41,154,117,279,146,93,155,120,36,41,62,43,43,37,37,92,55,45,97,117,35
89,76,136,67,51,46,185,43,30,57,60,54,51,52,28,197,68,58,49,77,41,43,71,172,119,32,44,43,46,56,28,61,26,87,84,77,56,39,91,168,51,51,32,145,108,270,137,84,146,111,27,32,53,34,34,28,28,83,46,36,88,108,26
124,111,171,102,86,81,220,78,65,92,95,89,86,87,63,232,103,93,84,112,76,78,106,207,154,67,79,78,81,91,63,96,87,61,119,112,91,74,126,203,86,86,67,180,143,305,172,119,181,146,62,67,88,69,69,63,63,118,81,71,123,143,61
121,108,168,99,83,78,217,75,62,89,92,86,83,84,60,229,100,90,81,109,73,75,103,204,151,64,76,75,78,88,60,93,84,119,58,109,88,71,123,200,83,83,64,177,140,302,169,116,178,143,59,64,85,66,66,60,60,115,78,68,120,140,58
114,101,161,92,76,71,210,68,55,82,85,79,76,77,53,222,93,83,74,102,66,68,96,197,144,57,69,68,71,81,53,86,77,112,109,51,81,64,116,193,76,76,57,170,133,295,162,109,171,136,52,57,78,59,59,53,53,108,71,61,113,133,51
93,80,140,71,55,50,189,47,34,61,64,58,55,56,32,201,72,62,53,81,45,47,75,176,123,36,48,47,50,60,32,65,56,91,88,81,30,43,95,172,55,55,36,149,112,274,141,88,150,115,31,36,57,38,38,32,32,87,50,40,92,112,30
76,63,123,54,38,33,172,30,17,44,47,41,38,39,15,184,55,45,36,64,28,30,58,159,106,19,31,30,33,43,15,48,39,74,71,64,43,13,78,155,38,38,19,132,95,257,124,71,133,98,14,19,40,21,21,15,15,70,33,23,75,95,13
128,115,175,106,90,85,224,82,69,96,99,93,90,91,67,236,107,97,88,116,80,82,110,211,158,71,83,82,85,95,67,100,91,126,123,116,95,78,65,207,90,90,71,184,147,309,176,123,185,150,66,71,92,73,73,67,67,122,85,75,127,147,65
205,192,252,183,167,162,301,159,146,173,176,170,167,168,144,313,184,174,165,193,157,159,187,288,235,148,160,159,162,172,144,177,168,203,200,193,172,155,207,142,167,167,148,261,224,386,253,200,262,227,143,148,169,150,150,144,144,199,162,152,204,224,142
88,75,135,66,50,45,184,42,29,56,59,53,50,51,27,196,67,57,48,76,40,42,70,171,118,31,43,42,45,55,27,60,51,86,83,76,55,38,90,167,25,50,31,144,107,269,136,83,145,110,26,31,52,33,33,27,27,82,45,35,87,107,25
88,75,135,66,50,45,184,42,29,56,59,53,50,51,27,196,67,57,48,76,40,42,70,171,118,31,43,42,45,55,27,60,51,86,83,76,55,38,90,167,50,25,31,144,107,269,136,83,145,110,26,31,52,33,33,27,27,82,45,35,87,107,25
69,56,116,47,31,26,165,23,10,37,40,34,31,32,8,177,48,38,29,57,21,23,51,152,99,12,24,23,26,36,8,41,32,67,64,57,36,19,71,148,31,31,6,125,88,250,117,64,126,91,7,12,33,14,14,8,8,63,26,16,68,88,6
182,169,229,160,144,139,278,136,123,150,153,147,144,145,121,290,161,151,142,170,134,136,164,265,212,125,137,136,139,149,121,154,145,180,177,170,149,132,184,261,144,144,125,119,201,363,230,177,239,204,120,125,146,127,127,121,121,176,139,129,181,201,119
145,132,192,123,107,102,241,99,86,113,116,110,107,108,84,253,124,114,105,133,97,99,127,228,175,88,100,99,102,112,84,117,108,143,140,133,112,95,147,224,107,107,88,201,82,326,193,140,202,167,83,88,109,90,90,84,84,139,102,92,144,164,82
307,294,354,285,269,264,403,261,248,275,278,272,269,270,246,415,286,276,267,295,259,261,289,390,337,250,262,261,264,274,246,279,270,305,302,295,274,257,309,386,269,269,250,363,326,244,355,302,364,329,245,250,271,252,252,246,246,301,264,254,306,326,244
174,161,221,152,136,131,270,128,115,142,145,139,136,137,113,282,153,143,134,162,126,128,156,257,204,117,129,128,131,141,113,146,137,172,169,162,141,124,176,253,136,136,117,230,193,355,111,169,231,196,112,117,138,119,119,113,113,168,131,121,173,193,111
121,108,168,99,83,78,217,75,62,89,92,86,83,84,60,229,100,90,81,109,73,75,103,204,151,64,76,75,78,88,60,93,84,119,116,109,88,71,123,200,83,83,64,177,140,302,169,58,178,143,59,64,85,66,66,60,60,115,78,68,120,140,58
183,170,230,161,145,140,279,137,124,151,154,148,145,146,122,291,162,152,143,171,135,137,165,266,213,126,138,137,140,150,122,155,146,181,178,171,150,133,185,262,145,145,126,239,202,364,231,178,120,205,121,126,147,128,128,122,122,177,140,130,182,202,120
148,135,195,126,110,105,244,102,89,116,119,113,110,111,87,256,127,117,108,136,100,102,130,231,178,91,103,102,105,115,87,120,111,146,143,136,115,98,150,227,110,110,91,204,167,329,196,143,205,85,86,91,112,93,93,87,87,142,105,95,147,167,85
64,51,111,42,26,21,160,18,5,32,35,29,26,27,3,172,43,33,24,52,16,18,46,147,94,7,19,18,21,31,3,36,27,62,59,52,31,14,66,143,26,26,7,120,83,245,112,59,121,86,1,7,28,9,9,3,3,58,21,11,63,83,1
69,56,116,47,31,26,165,23,10,37,40,34,31,32,8,177,48,38,29,57,21,23,51,152,99,12,24,23,26,36,8,41,32,67,64,57,36,19,71,148,31,31,12,125,88,250,117,64,126,91,7,6,33,14,14,8,8,63,26,16,68,88,6
90,77,137,68,52,47,186,44,31,58,61,55,52,53,29,198,69,59,50,78,42,44,72,173,120,33,45,44,47,57,29,62,53,88,85,78,57,40,92,169,52,52,33,146,109,271,138,85,147,112,28,33,27,35,35,29,29,84,47,37,89,109,27
71,58,118,49,33,28,167,25,12,39,42,36,33,34,10,179,50,40,31,59,23,25,53,154,101,14,26,25,28,38,10,43,34,69,66,59,38,21,73,150,33,33,14,127,90,252,119,66,128,93,9,14,35,8,16,10,10,65,28,18,70,90,8
71,58,118,49,33,28,167,25,12,39,42,36,33,34,10,179,50,40,31,59,23,25,53,154,101,14,26,25,28,38,10,43,34,69,66,59,38,21,73,150,33,33,14,127,90,252,119,66,128,93,9,14,35,16,8,10,10,65,28,18,70,90,8
65,52,112,43,27,22,161,19,6,33,36,30,27,28,4,173,44,34,25,53,17,19,47,148,95,8,20,19,22,32,4,37,28,63,60,53,32,15,67,144,27,27,8,121,84,246,113,60,122,87,3,8,29,10,10,2,4,59,22,12,64,84,2
65,52,112,43,27,22,161,19,6,33,36,30,27,28,4,173,44,34,25,53,17,19,47,148,95,8,20,19,22,32,4,37,28,63,60,53,32,15,67,144,27,27,8,121,84,246,113,60,122,87,3,8,29,10,10,4,2,59,22,12,64,84,2
120,107,167,98,82,77,216,74,61,88,91,85,82,83,59,228,99,89,80,108,72,74,102,203,150,63,75,74,77,87,59,92,83,118,115,108,87,70,122,199,82,82,63,176,139,301,168,115,177,142,58,63,84,65,65,59,59,57,77,67,119,139,57
83,70,130,61,45,40,179,37,24,51,54,48,45,46,22,191,62,52,43,71,35,37,65,166,113,26,38,37,40,50,22,55,46,81,78,71,50,33,85,162,45,45,26,139,102,264,131,78,140,105,21,26,47,28,28,22,22,77,20,30,82,102,20
73,60,120,51,35,30,169,27,14,41,44,38,35,36,12,181,52,42,33,61,25,27,55,156,103,16,28,27,30,40,12,45,36,71,68,61,40,23,75,152,35,35,16,129,92,254,121,68,130,95,11,16,37,18,18,12,12,67,30,10,72,92,10
125,112,172,103,87,82,221,79,66,93,96,90,87,88,64,233,104,94,85,113,77,79,107,208,155,68,80,79,82,92,64,97,88,123,120,113,92,75,127,204,87,87,68,181,144,306,173,120,182,147,63,68,89,70,70,64,64,119,82,72,62,144,62
145,132,192,123,107,102,241,99,86,113,116,110,107,108,84,253,124,114,105,133,97,99,127,228,175,88,100,99,102,112,84,117,108,143,140,133,112,95,147,224,107,107,88,201,164,326,193,140,202,167,83,88,109,90,90,84,84,139,102,92,144,82,82
63,50,110,41,25,20,159,17,4,31,34,28,25,26,2,171,42,32,23,51,15,17,45,146,93,6,18,17,20,30,2,35,26,61,58,51,30,13,65,142,25,25,6,119,82,244,111,58,120,85,1,6,27,8,8,2,2,57,20,10,62,82,0
