1,2,1,1,1,1,37,6,1,1,4,2,1,1,1,3,1,2,2,65,1,1,5,2,4,2,1,2,2,3,1,1,3,1,1,3,4,1,8,3,1,2,1,5,3,3,1,2,9,3,1,1,2,2,1,1,2,2,4,1,1,1,1
2,1,1,1,1,1,37,6,1,1,4,2,1,1,1,3,1,2,2,65,1,1,5,2,4,2,1,2,2,3,1,1,3,1,1,3,4,1,8,3,1,2,1,5,3,3,1,2,9,3,1,1,2,2,1,1,2,2,4,1,1,1,1
1,1,0,0,0,0,36,5,0,0,3,1,0,0,0,2,0,1,1,64,0,0,4,1,3,1,0,1,1,2,0,0,2,0,0,2,3,0,7,2,0,1,0,4,2,2,0,1,8,2,0,0,1,1,0,0,1,1,3,0,0,0,0
1,1,0,0,0,0,36,5,0,0,3,1,0,0,0,2,0,1,1,64,0,0,4,1,3,1,0,1,1,2,0,0,2,0,0,2,3,0,7,2,0,1,0,4,2,2,0,1,8,2,0,0,1,1,0,0,1,1,3,0,0,0,0
1,1,0,0,0,0,36,5,0,0,3,1,0,0,0,2,0,1,1,64,0,0,4,1,3,1,0,1,1,2,0,0,2,0,0,2,3,0,7,2,0,1,0,4,2,2,0,1,8,2,0,0,1,1,0,0,1,1,3,0,0,0,0
1,1,0,0,0,0,36,5,0,0,3,1,0,0,0,2,0,1,1,64,0,0,4,1,3,1,0,1,1,2,0,0,2,0,0,2,3,0,7,2,0,1,0,4,2,2,0,1,8,2,0,0,1,1,0,0,1,1,3,0,0,0,0
37,37,36,36,36,36,36,41,36,36,39,37,36,36,36,38,36,37,37,100,36,36,40,37,39,37,36,37,37,38,36,36,38,36,36,38,39,36,43,38,36,37,36,40,38,38,36,37,44,38,36,36,37,37,36,36,37,37,39,36,36,36,36
6,6,5,5,5,5,41,5,5,5,8,6,5,5,5,7,5,6,6,69,5,5,9,6,8,6,5,6,6,7,5,5,7,5,5,7,8,5,12,7,5,6,5,9,7,7,5,6,13,7,5,5,6,6,5,5,6,6,8,5,5,5,5
1,1,0,0,0,0,36,5,0,0,3,1,0,0,0,2,0,1,1,64,0,0,4,1,3,1,0,1,1,2,0,0,2,0,0,2,3,0,7,2,0,1,0,4,2,2,0,1,8,2,0,0,1,1,0,0,1,1,3,0,0,0,0
1,1,0,0,0,0,36,5,0,0,3,1,0,0,0,2,0,1,1,64,0,0,4,1,3,1,0,1,1,2,0,0,2,0,0,2,3,0,7,2,0,1,0,4,2,2,0,1,8,2,0,0,1,1,0,0,1,1,3,0,0,0,0
4,4,3,3,3,3,39,8,3,3,3,4,3,3,3,5,3,4,4,67,3,3,7,4,6,4,3,4,4,5,3,3,5,3,3,5,6,3,10,5,3,4,3,7,5,5,3,4,11,5,3,3,4,4,3,3,4,4,6,3,3,3,3
2,2,1,1,1,1,37,6,1,1,4,1,1,1,1,3,1,2,2,65,1,1,5,2,4,2,1,2,2,3,1,1,3,1,1,3,4,1,8,3,1,2,1,5,3,3,1,2,9,3,1,1,2,2,1,1,2,2,4,1,1,1,1
1,1,0,0,0,0,36,5,0,0,3,1,0,0,0,2,0,1,1,64,0,0,4,1,3,1,0,1,1,2,0,0,2,0,0,2,3,0,7,2,0,1,0,4,2,2,0,1,8,2,0,0,1,1,0,0,1,1,3,0,0,0,0
1,1,0,0,0,0,36,5,0,0,3,1,0,0,0,2,0,1,1,64,0,0,4,1,3,1,0,1,1,2,0,0,2,0,0,2,3,0,7,2,0,1,0,4,2,2,0,1,8,2,0,0,1,1,0,0,1,1,3,0,0,0,0
1,1,0,0,0,0,36,5,0,0,3,1,0,0,0,2,0,1,1,64,0,0,4,1,3,1,0,1,1,2,0,0,2,0,0,2,3,0,7,2,0,1,0,4,2,2,0,1,8,2,0,0,1,1,0,0,1,1,3,0,0,0,0
3,3,2,2,2,2,38,7,2,2,5,3,2,2,2,2,2,3,3,66,2,2,6,3,5,3,2,3,3,4,2,2,4,2,2,4,5,2,9,4,2,3,2,6,4,4,2,3,10,4,2,2,3,3,2,2,3,3,5,2,2,2,2
1,1,0,0,0,0,36,5,0,0,3,1,0,0,0,2,0,1,1,64,0,0,4,1,3,1,0,1,1,2,0,0,2,0,0,2,3,0,7,2,0,1,0,4,2,2,0,1,8,2,0,0,1,1,0,0,1,1,3,0,0,0,0
2,2,1,1,1,1,37,6,1,1,4,2,1,1,1,3,1,1,2,65,1,1,5,2,4,2,1,2,2,3,1,1,3,1,1,3,4,1,8,3,1,2,1,5,3,3,1,2,9,3,1,1,2,2,1,1,2,2,4,1,1,1,1
2,2,1,1,1,1,37,6,1,1,4,2,1,1,1,3,1,2,1,65,1,1,5,2,4,2,1,2,2,3,1,1,3,1,1,3,4,1,8,3,1,2,1,5,3,3,1,2,9,3,1,1,2,2,1,1,2,2,4,1,1,1,1
65,65,64,64,64,64,100,69,64,64,67,65,64,64,64,66,64,65,65,64,64,64,68,65,67,65,64,65,65,66,64,64,66,64,64,66,67,64,71,66,64,65,64,68,66,66,64,65,72,66,64,64,65,65,64,64,65,65,67,64,64,64,64
1,1,0,0,0,0,36,5,0,0,3,1,0,0,0,2,0,1,1,64,0,0,4,1,3,1,0,1,1,2,0,0,2,0,0,2,3,0,7,2,0,1,0,4,2,2,0,1,8,2,0,0,1,1,0,0,1,1,3,0,0,0,0
1,1,0,0,0,0,36,5,0,0,3,1,0,0,0,2,0,1,1,64,0,0,4,1,3,1,0,1,1,2,0,0,2,0,0,2,3,0,7,2,0,1,0,4,2,2,0,1,8,2,0,0,1,1,0,0,1,1,3,0,0,0,0
5,5,4,4,4,4,40,9,4,4,7,5,4,4,4,6,4,5,5,68,4,4,4,5,7,5,4,5,5,6,4,4,6,4,4,6,7,4,11,6,4,5,4,8,6,6,4,5,12,6,4,4,5,5,4,4,5,5,7,4,4,4,4
2,2,1,1,1,1,37,6,1,1,4,2,1,1,1,3,1,2,2,65,1,1,5,1,4,2,1,2,2,3,1,1,3,1,1,3,4,1,8,3,1,2,1,5,3,3,1,2,9,3,1,1,2,2,1,1,2,2,4,1,1,1,1
4,4,3,3,3,3,39,8,3,3,6,4,3,3,3,5,3,4,4,67,3,3,7,4,3,4,3,4,4,5,3,3,5,3,3,5,6,3,10,5,3,4,3,7,5,5,3,4,11,5,3,3,4,4,3,3,4,4,6,3,3,3,3
2,2,1,1,1,1,37,6,1,1,4,2,1,1,1,3,1,2,2,65,1,1,5,2,4,1,1,2,2,3,1,1,3,1,1,3,4,1,8,3,1,2,1,5,3,3,1,2,9,3,1,1,2,2,1,1,2,2,4,1,1,1,1
1,1,0,0,0,0,36,5,0,0,3,1,0,0,0,2,0,1,1,64,0,0,4,1,3,1,0,1,1,2,0,0,2,0,0,2,3,0,7,2,0,1,0,4,2,2,0,1,8,2,0,0,1,1,0,0,1,1,3,0,0,0,0
2,2,1,1,1,1,37,6,1,1,4,2,1,1,1,3,1,2,2,65,1,1,5,2,4,2,1,1,2,3,1,1,3,1,1,3,4,1,8,3,1,2,1,5,3,3,1,2,9,3,1,1,2,2,1,1,2,2,4,1,1,1,1
2,2,1,1,1,1,37,6,1,1,4,2,1,1,1,3,1,2,2,65,1,1,5,2,4,2,1,2,1,3,1,1,3,1,1,3,4,1,8,3,1,2,1,5,3,3,1,2,9,3,1,1,2,2,1,1,2,2,4,1,1,1,1
3,3,2,2,2,2,38,7,2,2,5,3,2,2,2,4,2,3,3,66,2,2,6,3,5,3,2,3,3,2,2,2,4,2,2,4,5,2,9,4,2,3,2,6,4,4,2,3,10,4,2,2,3,3,2,2,3,3,5,2,2,2,2
1,1,0,0,0,0,36,5,0,0,3,1,0,0,0,2,0,1,1,64,0,0,4,1,3,1,0,1,1,2,0,0,2,0,0,2,3,0,7,2,0,1,0,4,2,2,0,1,8,2,0,0,1,1,0,0,1,1,3,0,0,0,0
1,1,0,0,0,0,36,5,0,0,3,1,0,0,0,2,0,1,1,64,0,0,4,1,3,1,0,1,1,2,0,0,2,0,0,2,3,0,7,2,0,1,0,4,2,2,0,1,8,2,0,0,1,1,0,0,1,1,3,0,0,0,0
3,3,2,2,2,2,38,7,2,2,5,3,2,2,2,4,2,3,3,66,2,2,6,3,5,3,2,3,3,4,2,2,2,2,2,4,5,2,9,4,2,3,2,6,4,4,2,3,10,4,2,2,3,3,2,2,3,3,5,2,2,2,2
1,1,0,0,0,0,36,5,0,0,3,1,0,0,0,2,0,1,1,64,0,0,4,1,3,1,0,1,1,2,0,0,2,0,0,2,3,0,7,2,0,1,0,4,2,2,0,1,8,2,0,0,1,1,0,0,1,1,3,0,0,0,0
1,1,0,0,0,0,36,5,0,0,3,1,0,0,0,2,0,1,1,64,0,0,4,1,3,1,0,1,1,2,0,0,2,0,0,2,3,0,7,2,0,1,0,4,2,2,0,1,8,2,0,0,1,1,0,0,1,1,3,0,0,0,0
3,3,2,2,2,2,38,7,2,2,5,3,2,2,2,4,2,3,3,66,2,2,6,3,5,3,2,3,3,4,2,2,4,2,2,2,5,2,9,4,2,3,2,6,4,4,2,3,10,4,2,2,3,3,2,2,3,3,5,2,2,2,2
4,4,3,3,3,3,39,8,3,3,6,4,3,3,3,5,3,4,4,67,3,3,7,4,6,4,3,4,4,5,3,3,5,3,3,5,3,3,10,5,3,4,3,7,5,5,3,4,11,5,3,3,4,4,3,3,4,4,6,3,3,3,3
1,1,0,0,0,0,36,5,0,0,3,1,0,0,0,2,0,1,1,64,0,0,4,1,3,1,0,1,1,2,0,0,2,0,0,2,3,0,7,2,0,1,0,4,2,2,0,1,8,2,0,0,1,1,0,0,1,1,3,0,0,0,0
8,8,7,7,7,7,43,12,7,7,10,8,7,7,7,9,7,8,8,71,7,7,11,8,10,8,7,8,8,9,7,7,9,7,7,9,10,7,7,9,7,8,7,11,9,9,7,8,15,9,7,7,8,8,7,7,8,8,10,7,7,7,7
3,3,2,2,2,2,38,7,2,2,5,3,2,2,2,4,2,3,3,66,2,2,6,3,5,3,2,3,3,4,2,2,4,2,2,4,5,2,9,2,2,3,2,6,4,4,2,3,10,4,2,2,3,3,2,2,3,3,5,2,2,2,2
1,1,0,0,0,0,36,5,0,0,3,1,0,0,0,2,0,1,1,64,0,0,4,1,3,1,0,1,1,2,0,0,2,0,0,2,3,0,7,2,0,1,0,4,2,2,0,1,8,2,0,0,1,1,0,0,1,1,3,0,0,0,0
2,2,1,1,1,1,37,6,1,1,4,2,1,1,1,3,1,2,2,65,1,1,5,2,4,2,1,2,2,3,1,1,3,1,1,3,4,1,8,3,1,1,1,5,3,3,1,2,9,3,1,1,2,2,1,1,2,2,4,1,1,1,1
1,1,0,0,0,0,36,5,0,0,3,1,0,0,0,2,0,1,1,64,0,0,4,1,3,1,0,1,1,2,0,0,2,0,0,2,3,0,7,2,0,1,0,4,2,2,0,1,8,2,0,0,1,1,0,0,1,1,3,0,0,0,0
5,5,4,4,4,4,40,9,4,4,7,5,4,4,4,6,4,5,5,68,4,4,8,5,7,5,4,5,5,6,4,4,6,4,4,6,7,4,11,6,4,5,4,4,6,6,4,5,12,6,4,4,5,5,4,4,5,5,7,4,4,4,4
3,3,2,2,2,2,38,7,2,2,5,3,2,2,2,4,2,3,3,66,2,2,6,3,5,3,2,3,3,4,2,2,4,2,2,4,5,2,9,4,2,3,2,6,2,4,2,3,10,4,2,2,3,3,2,2,3,3,5,2,2,2,2
3,3,2,2,2,2,38,7,2,2,5,3,2,2,2,4,2,3,3,66,2,2,6,3,5,3,2,3,3,4,2,2,4,2,2,4,5,2,9,4,2,3,2,6,4,2,2,3,10,4,2,2,3,3,2,2,3,3,5,2,2,2,2
1,1,0,0,0,0,36,5,0,0,3,1,0,0,0,2,0,1,1,64,0,0,4,1,3,1,0,1,1,2,0,0,2,0,0,2,3,0,7,2,0,1,0,4,2,2,0,1,8,2,0,0,1,1,0,0,1,1,3,0,0,0,0
2,2,1,1,1,1,37,6,1,1,4,2,1,1,1,3,1,2,2,65,1,1,5,2,4,2,1,2,2,3,1,1,3,1,1,3,4,1,8,3,1,2,1,5,3,3,1,1,9,3,1,1,2,2,1,1,2,2,4,1,1,1,1
9,9,8,8,8,8,44,13,8,8,11,9,8,8,8,10,8,9,9,72,8,8,12,9,11,9,8,9,9,10,8,8,10,8,8,10,11,8,15,10,8,9,8,12,10,10,8,9,8,10,8,8,9,9,8,8,9,9,11,8,8,8,8
3,3,2,2,2,2,38,7,2,2,5,3,2,2,2,4,2,3,3,66,2,2,6,3,5,3,2,3,3,4,2,2,4,2,2,4,5,2,9,4,2,3,2,6,4,4,2,3,10,2,2,2,3,3,2,2,3,3,5,2,2,2,2
1,1,0,0,0,0,36,5,0,0,3,1,0,0,0,2,0,1,1,64,0,0,4,1,3,1,0,1,1,2,0,0,2,0,0,2,3,0,7,2,0,1,0,4,2,2,0,1,8,2,0,0,1,1,0,0,1,1,3,0,0,0,0
1,1,0,0,0,0,36,5,0,0,3,1,0,0,0,2,0,1,1,64,0,0,4,1,3,1,0,1,1,2,0,0,2,0,0,2,3,0,7,2,0,1,0,4,2,2,0,1,8,2,0,0,1,1,0,0,1,1,3,0,0,0,0
2,2,1,1,1,1,37,6,1,1,4,2,1,1,1,3,1,2,2,65,1,1,5,2,4,2,1,2,2,3,1,1,3,1,1,3,4,1,8,3,1,2,1,5,3,3,1,2,9,3,1,1,1,2,1,1,2,2,4,1,1,1,1
2,2,1,1,1,1,37,6,1,1,4,2,1,1,1,3,1,2,2,65,1,1,5,2,4,2,1,2,2,3,1,1,3,1,1,3,4,1,8,3,1,2,1,5,3,3,1,2,9,3,1,1,2,1,1,1,2,2,4,1,1,1,1
1,1,0,0,0,0,36,5,0,0,3,1,0,0,0,2,0,1,1,64,0,0,4,1,3,1,0,1,1,2,0,0,2,0,0,2,3,0,7,2,0,1,0,4,2,2,0,1,8,2,0,0,1,1,0,0,1,1,3,0,0,0,0
1,1,0,0,0,0,36,5,0,0,3,1,0,0,0,2,0,1,1,64,0,0,4,1,3,1,0,1,1,2,0,0,2,0,0,2,3,0,7,2,0,1,0,4,2,2,0,1,8,2,0,0,1,1,0,0,1,1,3,0,0,0,0
2,2,1,1,1,1,37,6,1,1,4,2,1,1,1,3,1,2,2,65,1,1,5,2,4,2,1,2,2,3,1,1,3,1,1,3,4,1,8,3,1,2,1,5,3,3,1,2,9,3,1,1,2,2,1,1,1,2,4,1,1,1,1
2,2,1,1,1,1,37,6,1,1,4,2,1,1,1,3,1,2,2,65,1,1,5,2,4,2,1,2,2,3,1,1,3,1,1,3,4,1,8,3,1,2,1,5,3,3,1,2,9,3,1,1,2,2,1,1,2,1,4,1,1,1,1
4,4,3,3,3,3,39,8,3,3,6,4,3,3,3,5,3,4,4,67,3,3,7,4,6,4,3,4,4,5,3,3,5,3,3,5,6,3,10,5,3,4,3,7,5,5,3,4,11,5,3,3,4,4,3,3,4,4,3,3,3,3,3
1,1,0,0,0,0,36,5,0,0,3,1,0,0,0,2,0,1,1,64,0,0,4,1,3,1,0,1,1,2,0,0,2,0,0,2,3,0,7,2,0,1,0,4,2,2,0,1,8,2,0,0,1,1,0,0,1,1,3,0,0,0,0
1,1,0,0,0,0,36,5,0,0,3,1,0,0,0,2,0,1,1,64,0,0,4,1,3,1,0,1,1,2,0,0,2,0,0,2,3,0,7,2,0,1,0,4,2,2,0,1,8,2,0,0,1,1,0,0,1,1,3,0,0,0,0
1,1,0,0,0,0,36,5,0,0,3,1,0,0,0,2,0,1,1,64,0,0,4,1,3,1,0,1,1,2,0,0,2,0,0,2,3,0,7,2,0,1,0,4,2,2,0,1,8,2,0,0,1,1,0,0,1,1,3,0,0,0,0
1,1,0,0,0,0,36,5,0,0,3,1,0,0,0,2,0,1,1,64,0,0,4,1,3,1,0,1,1,2,0,0,2,0,0,2,3,0,7,2,0,1,0,4,2,2,0,1,8,2,0,0,1,1,0,0,1,1,3,0,0,0,0
