57,89,108,82,72,61,183,74,65,87,64,70,72,58,57,112,79,62,68,81,64,66,66,122,86,63,68,61,64,71,61,61,63,91,83,66,74,61,121,95,60,113,61,132,114,109,98,73,73,91,59,59,68,70,66,60,59,94,70,65,68,86,61
89,32,83,57,47,36,158,49,40,62,39,45,47,33,32,87,54,37,43,56,39,41,41,97,61,38,43,36,39,46,36,36,38,66,58,41,49,36,96,70,35,88,36,107,89,84,73,48,48,66,34,34,43,45,41,35,34,69,45,40,43,61,36
108,83,51,76,66,55,177,68,59,81,58,64,66,52,51,106,73,56,62,75,58,60,60,116,80,57,62,55,58,65,55,55,57,85,77,60,68,55,115,89,54,107,55,126,108,103,92,67,67,85,53,53,62,64,60,54,53,88,64,59,62,80,55
82,57,76,25,40,29,151,42,33,55,32,38,40,26,25,80,47,30,36,49,32,34,34,90,54,31,36,29,32,39,29,29,31,59,51,34,42,29,89,63,28,81,29,100,82,77,66,41,41,59,27,27,36,38,34,28,27,62,38,33,36,54,29
72,47,66,40,15,19,141,32,23,45,22,28,30,16,15,70,37,20,26,39,22,24,24,80,44,21,26,19,22,29,19,19,21,49,41,24,32,19,79,53,18,71,19,90,72,67,56,31,31,49,17,17,26,28,24,18,17,52,28,23,26,44,19
61,36,55,29,19,4,130,21,12,34,11,17,19,5,4,59,26,9,15,28,11,13,13,69,33,10,15,8,11,18,8,8,10,38,30,13,21,8,68,42,7,60,8,79,61,56,45,20,20,38,6,6,15,17,13,7,6,41,17,12,15,33,8
183,158,177,151,141,130,126,143,134,156,133,139,141,127,126,181,148,131,137,150,133,135,135,191,155,132,137,130,133,140,130,130,132,160,152,135,143,130,190,164,129,182,130,201,183,178,167,142,142,160,128,128,137,139,135,129,128,163,139,134,137,155,130
74,49,68,42,32,21,143,17,25,47,24,30,32,18,17,72,39,22,28,41,24,26,26,82,46,23,28,21,24,31,21,21,23,51,43,26,34,21,81,55,20,73,21,92,74,69,58,33,33,51,19,19,28,30,26,20,19,54,30,25,28,46,21
65,40,59,33,23,12,134,25,8,38,15,21,23,9,8,63,30,13,19,32,15,17,17,73,37,14,19,12,15,22,12,12,14,42,34,17,25,12,72,46,11,64,12,83,65,60,49,24,24,42,10,10,19,21,17,11,10,45,21,16,19,37,12
87,62,81,55,45,34,156,47,38,30,37,43,45,31,30,85,52,35,41,54,37,39,39,95,59,36,41,34,37,44,34,34,36,64,56,39,47,34,94,68,33,86,34,105,87,82,71,46,46,64,32,32,41,43,39,33,32,67,43,38,41,59,34
64,39,58,32,22,11,133,24,15,37,7,20,22,8,7,62,29,12,18,31,14,16,16,72,36,13,18,11,14,21,11,11,13,41,33,16,24,11,71,45,10,63,11,82,64,59,48,23,23,41,9,9,18,20,16,10,9,44,20,15,18,36,11
70,45,64,38,28,17,139,30,21,43,20,13,28,14,13,68,35,18,24,37,20,22,22,78,42,19,24,17,20,27,17,17,19,47,39,22,30,17,77,51,16,69,17,88,70,65,54,29,29,47,15,15,24,26,22,16,15,50,26,21,24,42,17
72,47,66,40,30,19,141,32,23,45,22,28,15,16,15,70,37,20,26,39,22,24,24,80,44,21,26,19,22,29,19,19,21,49,41,24,32,19,79,53,18,71,19,90,72,67,56,31,31,49,17,17,26,28,24,18,17,52,28,23,26,44,19
58,33,52,26,16,5,127,18,9,31,8,14,16,1,1,56,23,6,12,25,8,10,10,66,30,7,12,5,8,15,5,5,7,35,27,10,18,5,65,39,4,57,5,76,58,53,42,17,17,35,3,3,12,14,10,4,3,38,14,9,12,30,5
57,32,51,25,15,4,126,17,8,30,7,13,15,1,0,55,22,5,11,24,7,9,9,65,29,6,11,4,7,14,4,4,6,34,26,9,17,4,64,38,3,56,4,75,57,52,41,16,16,34,2,2,11,13,9,3,2,37,13,8,11,29,4
112,87,106,80,70,59,181,72,63,85,62,68,70,56,55,55,77,60,66,79,62,64,64,120,84,61,66,59,62,69,59,59,61,89,81,64,72,59,119,93,58,111,59,130,112,107,96,71,71,89,57,57,66,68,64,58,57,92,68,63,66,84,59
79,54,73,47,37,26,148,39,30,52,29,35,37,23,22,77,22,27,33,46,29,31,31,87,51,28,33,26,29,36,26,26,28,56,48,31,39,26,86,60,25,78,26,97,79,74,63,38,38,56,24,24,33,35,31,25,24,59,35,30,33,51,26
62,37,56,30,20,9,131,22,13,35,12,18,20,6,5,60,27,5,16,29,12,14,14,70,34,11,16,9,12,19,9,9,11,39,31,14,22,9,69,43,8,61,9,80,62,57,46,21,21,39,7,7,16,18,14,8,7,42,18,13,16,34,9
68,43,62,36,26,15,137,28,19,41,18,24,26,12,11,66,33,16,11,35,18,20,20,76,40,17,22,15,18,25,15,15,17,45,37,20,28,15,75,49,14,67,15,86,68,63,52,27,27,45,13,13,22,24,20,14,13,48,24,19,22,40,15
81,56,75,49,39,28,150,41,32,54,31,37,39,25,24,79,46,29,35,24,31,33,33,89,53,30,35,28,31,38,28,28,30,58,50,33,41,28,88,62,27,80,28,99,81,76,65,40,40,58,26,26,35,37,33,27,26,61,37,32,35,53,28
64,39,58,32,22,11,133,24,15,37,14,20,22,8,7,62,29,12,18,31,7,16,16,72,36,13,18,11,14,21,11,11,13,41,33,16,24,11,71,45,10,63,11,82,64,59,48,23,23,41,9,9,18,20,16,10,9,44,20,15,18,36,11
66,41,60,34,24,13,135,26,17,39,16,22,24,10,9,64,31,14,20,33,16,9,18,74,38,15,20,13,16,23,13,13,15,43,35,18,26,13,73,47,12,65,13,84,66,61,50,25,25,43,11,11,20,22,18,12,11,46,22,17,20,38,13
66,41,60,34,24,13,135,26,17,39,16,22,24,10,9,64,31,14,20,33,16,18,9,74,38,15,20,13,16,23,13,13,15,43,35,18,26,13,73,47,12,65,13,84,66,61,50,25,25,43,11,11,20,22,18,12,11,46,22,17,20,38,13
122,97,116,90,80,69,191,82,73,95,72,78,80,66,65,120,87,70,76,89,72,74,74,65,94,71,76,69,72,79,69,69,71,99,91,74,82,69,129,103,68,121,69,140,122,117,106,81,81,99,67,67,76,78,74,68,67,102,78,73,76,94,69
86,61,80,54,44,33,155,46,37,59,36,42,44,30,29,84,51,34,40,53,36,38,38,94,29,35,40,33,36,43,33,33,35,63,55,38,46,33,93,67,32,85,33,104,86,81,70,45,45,63,31,31,40,42,38,32,31,66,42,37,40,58,33
63,38,57,31,21,10,132,23,14,36,13,19,21,7,6,61,28,11,17,30,13,15,15,71,35,6,17,10,13,20,10,10,12,40,32,15,23,10,70,44,9,62,10,81,63,58,47,22,22,40,8,8,17,19,15,9,8,43,19,14,17,35,10
68,43,62,36,26,15,137,28,19,41,18,24,26,12,11,66,33,16,22,35,18,20,20,76,40,17,11,15,18,25,15,15,17,45,37,20,28,15,75,49,14,67,15,86,68,63,52,27,27,45,13,13,22,24,20,14,13,48,24,19,22,40,15
61,36,55,29,19,8,130,21,12,34,11,17,19,5,4,59,26,9,15,28,11,13,13,69,33,10,15,4,11,18,8,8,10,38,30,13,21,8,68,42,7,60,8,79,61,56,45,20,20,38,6,6,15,17,13,7,6,41,17,12,15,33,8
64,39,58,32,22,11,133,24,15,37,14,20,22,8,7,62,29,12,18,31,14,16,16,72,36,13,18,11,7,21,11,11,13,41,33,16,24,11,71,45,10,63,11,82,64,59,48,23,23,41,9,9,18,20,16,10,9,44,20,15,18,36,11
71,46,65,39,29,18,140,31,22,44,21,27,29,15,14,69,36,19,25,38,21,23,23,79,43,20,25,18,21,14,18,18,20,48,40,23,31,18,78,52,17,70,18,89,71,66,55,30,30,48,16,16,25,27,23,17,16,51,27,22,25,43,18
61,36,55,29,19,8,130,21,12,34,11,17,19,5,4,59,26,9,15,28,11,13,13,69,33,10,15,8,11,18,4,8,10,38,30,13,21,8,68,42,7,60,8,79,61,56,45,20,20,38,6,6,15,17,13,7,6,41,17,12,15,33,8
61,36,55,29,19,8,130,21,12,34,11,17,19,5,4,59,26,9,15,28,11,13,13,69,33,10,15,8,11,18,8,4,10,38,30,13,21,8,68,42,7,60,8,79,61,56,45,20,20,38,6,6,15,17,13,7,6,41,17,12,15,33,8
63,38,57,31,21,10,132,23,14,36,13,19,21,7,6,61,28,11,17,30,13,15,15,71,35,12,17,10,13,20,10,10,6,40,32,15,23,10,70,44,9,62,10,81,63,58,47,22,22,40,8,8,17,19,15,9,8,43,19,14,17,35,10
91,66,85,59,49,38,160,51,42,64,41,47,49,35,34,89,56,39,45,58,41,43,43,99,63,40,45,38,41,48,38,38,40,34,60,43,51,38,98,72,37,90,38,109,91,86,75,50,50,68,36,36,45,47,43,37,36,71,47,42,45,63,38
83,58,77,51,41,30,152,43,34,56,33,39,41,27,26,81,48,31,37,50,33,35,35,91,55,32,37,30,33,40,30,30,32,60,26,35,43,30,90,64,29,82,30,101,83,78,67,42,42,60,28,28,37,39,35,29,28,63,39,34,37,55,30
66,41,60,34,24,13,135,26,17,39,16,22,24,10,9,64,31,14,20,33,16,18,18,74,38,15,20,13,16,23,13,13,15,43,35,9,26,13,73,47,12,65,13,84,66,61,50,25,25,43,11,11,20,22,18,12,11,46,22,17,20,38,13
74,49,68,42,32,21,143,34,25,47,24,30,32,18,17,72,39,22,28,41,24,26,26,82,46,23,28,21,24,31,21,21,23,51,43,26,17,21,81,55,20,73,21,92,74,69,58,33,33,51,19,19,28,30,26,20,19,54,30,25,28,46,21
61,36,55,29,19,8,130,21,12,34,11,17,19,5,4,59,26,9,15,28,11,13,13,69,33,10,15,8,11,18,8,8,10,38,30,13,21,4,68,42,7,60,8,79,61,56,45,20,20,38,6,6,15,17,13,7,6,41,17,12,15,33,8
121,96,115,89,79,68,190,81,72,94,71,77,79,65,64,119,86,69,75,88,71,73,73,129,93,70,75,68,71,78,68,68,70,98,90,73,81,68,64,102,67,120,68,139,121,116,105,80,80,98,66,66,75,77,73,67,66,101,77,72,75,93,68
95,70,89,63,53,42,164,55,46,68,45,51,53,39,38,93,60,43,49,62,45,47,47,103,67,44,49,42,45,52,42,42,44,72,64,47,55,42,102,38,41,94,42,113,95,90,79,54,54,72,40,40,49,51,47,41,40,75,51,46,49,67,42
60,35,54,28,18,7,129,20,11,33,10,16,18,4,3,58,25,8,14,27,10,12,12,68,32,9,14,7,10,17,7,7,9,37,29,12,20,7,67,41,3,59,7,78,60,55,44,19,19,37,5,5,14,16,12,6,5,40,16,11,14,32,7
113,88,107,81,71,60,182,73,64,86,63,69,71,57,56,111,78,61,67,80,63,65,65,121,85,62,67,60,63,70,60,60,62,90,82,65,73,60,120,94,59,56,60,131,113,108,97,72,72,90,58,58,67,69,65,59,58,93,69,64,67,85,60
61,36,55,29,19,8,130,21,12,34,11,17,19,5,4,59,26,9,15,28,11,13,13,69,33,10,15,8,11,18,8,8,10,38,30,13,21,8,68,42,7,60,4,79,61,56,45,20,20,38,6,6,15,17,13,7,6,41,17,12,15,33,8
132,107,126,100,90,79,201,92,83,105,82,88,90,76,75,130,97,80,86,99,82,84,84,140,104,81,86,79,82,89,79,79,81,109,101,84,92,79,139,113,78,131,79,75,132,127,116,91,91,109,77,77,86,88,84,78,77,112,88,83,86,104,79
114,89,108,82,72,61,183,74,65,87,64,70,72,58,57,112,79,62,68,81,64,66,66,122,86,63,68,61,64,71,61,61,63,91,83,66,74,61,121,95,60,113,61,132,57,109,98,73,73,91,59,59,68,70,66,60,59,94,70,65,68,86,61
109,84,103,77,67,56,178,69,60,82,59,65,67,53,52,107,74,57,63,76,59,61,61,117,81,58,63,56,59,66,56,56,58,86,78,61,69,56,116,90,55,108,56,127,109,52,93,68,68,86,54,54,63,65,61,55,54,89,65,60,63,81,56
98,73,92,66,56,45,167,58,49,71,48,54,56,42,41,96,63,46,52,65,48,50,50,106,70,47,52,45,48,55,45,45,47,75,67,50,58,45,105,79,44,97,45,116,98,93,41,57,57,75,43,43,52,54,50,44,43,78,54,49,52,70,45
73,48,67,41,31,20,142,33,24,46,23,29,31,17,16,71,38,21,27,40,23,25,25,81,45,22,27,20,23,30,20,20,22,50,42,25,33,20,80,54,19,72,20,91,73,68,57,16,32,50,18,18,27,29,25,19,18,53,29,24,27,45,20
73,48,67,41,31,20,142,33,24,46,23,29,31,17,16,71,38,21,27,40,23,25,25,81,45,22,27,20,23,30,20,20,22,50,42,25,33,20,80,54,19,72,20,91,73,68,57,32,16,50,18,18,27,29,25,19,18,53,29,24,27,45,20
91,66,85,59,49,38,160,51,42,64,41,47,49,35,34,89,56,39,45,58,41,43,43,99,63,40,45,38,41,48,38,38,40,68,60,43,51,38,98,72,37,90,38,109,91,86,75,50,50,34,36,36,45,47,43,37,36,71,47,42,45,63,38
59,34,53,27,17,6,128,19,10,32,9,15,17,3,2,57,24,7,13,26,9,11,11,67,31,8,13,6,9,16,6,6,8,36,28,11,19,6,66,40,5,58,6,77,59,54,43,18,18,36,2,4,13,15,11,5,4,39,15,10,13,31,6
59,34,53,27,17,6,128,19,10,32,9,15,17,3,2,57,24,7,13,26,9,11,11,67,31,8,13,6,9,16,6,6,8,36,28,11,19,6,66,40,5,58,6,77,59,54,43,18,18,36,4,2,13,15,11,5,4,39,15,10,13,31,6
68,43,62,36,26,15,137,28,19,41,18,24,26,12,11,66,33,16,22,35,18,20,20,76,40,17,22,15,18,25,15,15,17,45,37,20,28,15,75,49,14,67,15,86,68,63,52,27,27,45,13,13,11,24,20,14,13,48,24,19,22,40,15
70,45,64,38,28,17,139,30,21,43,20,26,28,14,13,68,35,18,24,37,20,22,22,78,42,19,24,17,20,27,17,17,19,47,39,22,30,17,77,51,16,69,17,88,70,65,54,29,29,47,15,15,24,13,22,16,15,50,26,21,24,42,17
66,41,60,34,24,13,135,26,17,39,16,22,24,10,9,64,31,14,20,33,16,18,18,74,38,15,20,13,16,23,13,13,15,43,35,18,26,13,73,47,12,65,13,84,66,61,50,25,25,43,11,11,20,22,9,12,11,46,22,17,20,38,13
60,35,54,28,18,7,129,20,11,33,10,16,18,4,3,58,25,8,14,27,10,12,12,68,32,9,14,7,10,17,7,7,9,37,29,12,20,7,67,41,6,59,7,78,60,55,44,19,19,37,5,5,14,16,12,3,5,40,16,11,14,32,7
59,34,53,27,17,6,128,19,10,32,9,15,17,3,2,57,24,7,13,26,9,11,11,67,31,8,13,6,9,16,6,6,8,36,28,11,19,6,66,40,5,58,6,77,59,54,43,18,18,36,4,4,13,15,11,5,2,39,15,10,13,31,6
94,69,88,62,52,41,163,54,45,67,44,50,52,38,37,92,59,42,48,61,44,46,46,102,66,43,48,41,44,51,41,41,43,71,63,46,54,41,101,75,40,93,41,112,94,89,78,53,53,71,39,39,48,50,46,40,39,37,50,45,48,66,41
70,45,64,38,28,17,139,30,21,43,20,26,28,14,13,68,35,18,24,37,20,22,22,78,42,19,24,17,20,27,17,17,19,47,39,22,30,17,77,51,16,69,17,88,70,65,54,29,29,47,15,15,24,26,22,16,15,50,13,21,24,42,17
65,40,59,33,23,12,134,25,16,38,15,21,23,9,8,63,30,13,19,32,15,17,17,73,37,14,19,12,15,22,12,12,14,42,34,17,25,12,72,46,11,64,12,83,65,60,49,24,24,42,10,10,19,21,17,11,10,45,21,8,19,37,12
68,43,62,36,26,15,137,28,19,41,18,24,26,12,11,66,33,16,22,35,18,20,20,76,40,17,22,15,18,25,15,15,17,45,37,20,28,15,75,49,14,67,15,86,68,63,52,27,27,45,13,13,22,24,20,14,13,48,24,19,11,40,15
86,61,80,54,44,33,155,46,37,59,36,42,44,30,29,84,51,34,40,53,36,38,38,94,58,35,40,33,36,43,33,33,35,63,55,38,46,33,93,67,32,85,33,104,86,81,70,45,45,63,31,31,40,42,38,32,31,66,42,37,40,29,33
61,36,55,29,19,8,130,21,12,34,11,17,19,5,4,59,26,9,15,28,11,13,13,69,33,10,15,8,11,18,8,8,10,38,30,13,21,8,68,42,7,60,8,79,61,56,45,20,20,38,6,6,15,17,13,7,6,41,17,12,15,33,4
