891,118,78,40,8,6,46,32,36,44,32,28,26,12,0,62,26,58,6,40,0,26,4,84,142,16,6,10,20,24,6,6,12,58,52,44,24,2,72,22,8,6,78,102,74,174,266,28,70,104,16,16,46,22,24,4,10,72,28,40,62,50,2
118,708,64,18,6,2,70,16,6,22,14,2,6,6,0,24,8,54,24,18,0,2,2,12,6,2,2,2,4,2,4,0,6,14,2,4,46,8,10,6,12,4,2,46,42,10,22,40,8,4,18,4,12,6,10,36,2,6,2,10,6,6,0
78,64,1491,48,204,124,32,70,38,18,28,20,6,106,0,98,8,46,62,2,2,4,0,2,2,4,0,2,2,4,6,0,0,50,4,6,12,0,2,82,2,0,2,78,18,4,680,2,2,2,0,0,32,4,0,0,0,100,58,14,18,102,0
40,18,48,1880,130,20,164,6,4,6,78,16,12,16,0,236,16,4,10,12,4,8,30,0,4,4,10,6,4,4,2,2,0,0,6,2,242,138,2,18,14,30,8,98,100,62,430,10,12,2,0,2,16,22,0,0,0,160,44,76,16,150,0
8,6,204,130,577,162,12,18,12,2,18,78,6,72,0,216,14,6,22,0,2,2,0,0,0,0,4,0,0,0,4,0,0,52,12,2,30,28,0,96,4,8,4,18,4,2,68,0,0,0,0,0,10,0,0,0,0,4,22,6,4,34,0
6,2,124,20,162,287,4,6,2,0,4,32,12,48,0,160,4,0,0,0,0,0,0,0,0,0,0,0,0,0,0,0,0,2,0,0,6,6,0,10,0,0,0,0,0,0,64,0,0,0,0,0,2,0,0,0,0,0,0,2,10,4,0
46,70,32,164,12,4,1748,270,96,394,74,60,14,40,14,184,108,24,32,88,0,58,68,20,8,26,2,16,24,22,30,0,2,8,8,2,20,68,18,6,14,28,24,36,8,38,138,2,0,0,2,0,20,24,2,0,0,18,2,6,22,78,0
32,16,70,6,18,6,270,343,92,122,30,54,16,12,4,76,8,18,2,14,0,8,4,34,4,2,6,0,6,0,0,0,0,6,4,0,24,2,0,0,2,4,4,8,0,16,48,2,0,0,0,0,0,0,0,0,0,2,0,0,22,14,0
36,6,38,4,12,2,96,92,495,272,32,116,12,60,0,74,2,2,0,6,0,26,2,6,0,0,4,0,0,2,0,0,0,8,2,0,4,2,0,4,24,10,4,2,0,2,26,2,0,0,0,0,2,0,0,0,0,0,0,0,28,12,0
44,22,18,6,2,0,394,122,272,1157,32,94,46,82,8,180,48,2,0,88,0,394,20,4,18,20,2,0,2,4,16,0,0,12,4,0,58,6,72,8,68,92,64,2,0,0,18,6,0,0,2,0,28,2,4,0,0,0,0,0,8,14,0
32,14,28,78,18,4,74,30,32,32,952,86,22,6,0,116,4,24,6,26,4,12,6,106,20,10,22,4,18,14,6,6,6,28,82,30,62,18,34,4,4,4,16,94,82,424,48,28,24,4,10,2,32,4,16,0,0,62,2,14,380,36,0
28,2,20,16,78,32,60,54,116,94,86,885,130,100,0,356,20,0,0,8,2,6,0,0,0,2,0,0,8,0,0,0,0,14,0,2,14,0,0,6,36,10,18,0,0,2,22,0,0,0,0,0,6,2,0,0,0,0,0,0,18,0,0
26,6,6,12,6,12,14,16,12,46,22,130,538,8,0,138,190,0,0,0,0,26,6,16,48,38,0,0,0,2,10,0,0,52,12,4,12,0,52,2,22,18,54,2,2,0,6,6,0,0,4,0,128,16,12,2,0,0,0,4,30,0,0
12,6,106,16,72,48,40,12,60,82,6,100,8,446,4,76,28,0,2,2,2,12,0,2,2,6,2,0,0,2,2,0,0,38,2,0,12,0,10,68,160,62,30,0,0,4,96,0,0,0,0,0,12,0,0,0,0,0,0,0,6,4,0
0,0,0,0,0,0,14,4,0,8,0,0,0,4,12,0,0,0,0,2,0,0,2,0,0,0,0,0,0,0,0,0,0,0,0,0,0,0,0,0,0,6,0,0,0,0,0,0,0,0,0,0,0,0,0,0,0,0,0,0,0,0,0
62,24,98,236,216,160,184,76,74,180,116,356,138,76,0,1900,162,2,6,84,4,20,8,8,6,10,14,0,2,10,28,2,2,18,10,0,200,40,28,28,72,120,6,32,4,12,160,6,6,2,4,0,32,38,6,0,0,0,4,2,6,56,0
26,8,8,16,14,4,108,8,2,48,4,20,190,28,0,162,742,4,30,8,0,90,34,6,64,58,10,4,4,10,240,4,0,128,38,2,22,8,124,96,32,78,78,28,0,12,0,46,6,24,20,0,268,12,24,2,0,0,0,0,28,8,0
58,54,46,4,6,0,24,18,2,2,24,0,0,0,0,2,4,703,126,84,10,10,42,58,44,62,64,26,54,72,6,22,22,102,40,168,12,24,12,88,0,4,26,28,14,82,10,2,16,2,0,0,4,0,0,0,0,90,16,2,46,6,0
6,24,62,10,22,0,32,2,0,0,6,0,0,2,0,6,30,126,567,22,4,4,0,14,18,104,12,0,8,24,34,4,0,162,68,78,2,14,12,142,2,4,52,190,8,10,6,6,6,0,0,2,46,14,4,0,0,10,16,0,20,8,0
40,18,2,12,0,0,88,14,6,88,26,8,0,2,2,84,8,84,22,1547,110,212,88,84,112,42,20,38,194,80,6,18,78,132,80,18,16,6,58,16,2,38,36,30,4,192,10,16,28,8,4,0,8,0,0,0,0,2,0,2,130,12,0
0,0,2,4,2,0,0,0,0,0,4,2,0,2,0,4,0,10,4,110,291,48,4,2,142,0,0,2,4,18,6,0,32,32,22,12,2,4,26,2,0,0,12,42,0,48,0,4,40,4,8,0,0,2,4,0,6,0,0,0,0,2,0
26,2,4,8,2,0,58,8,26,394,12,6,26,12,0,20,90,10,4,212,48,884,16,14,76,26,0,2,12,18,20,6,4,156,56,4,12,8,194,2,28,88,140,8,0,4,0,2,0,0,2,0,28,0,12,0,0,0,0,0,8,2,0
4,2,0,30,0,0,68,4,2,20,6,0,6,0,2,8,34,42,0,88,4,16,513,70,24,2,24,18,82,170,34,144,18,14,16,4,2,0,8,2,0,0,2,36,46,132,10,6,12,2,8,2,28,2,2,2,0,2,0,2,114,6,0
84,12,2,0,0,0,20,34,6,4,106,0,16,2,0,8,6,58,14,84,2,14,70,2656,314,318,50,8,58,64,4,48,90,68,376,232,4,0,12,30,8,12,78,140,20,982,12,214,84,48,28,26,50,18,6,8,6,36,22,246,730,12,0
142,6,2,4,0,0,8,4,0,18,20,0,48,2,0,6,64,44,18,112,142,76,24,314,4868,184,14,8,44,68,10,48,210,318,658,472,2,10,162,12,10,12,392,140,16,2002,22,66,536,1378,314,234,380,142,66,20,70,24,14,156,320,2,0
16,2,4,4,0,0,26,2,0,20,10,2,38,6,0,10,58,62,104,42,0,26,2,318,184,1024,22,0,4,0,6,2,6,16,56,30,2,0,128,76,10,118,304,44,2,32,14,364,48,74,16,10,106,50,20,4,4,8,4,56,124,12,0
6,2,0,10,4,0,2,6,4,2,22,0,0,2,0,14,10,64,12,20,0,0,24,50,14,22,253,4,2,4,2,10,10,16,24,4,4,2,4,4,0,4,8,20,8,52,2,0,2,0,2,0,4,2,0,0,0,6,16,20,46,36,0
10,2,2,6,0,0,16,0,0,0,4,0,0,0,0,0,4,26,0,38,2,2,18,8,8,0,4,220,32,94,10,10,0,38,24,4,0,0,0,4,0,0,0,10,2,24,2,0,0,0,0,0,4,0,0,0,0,0,0,0,6,2,0
20,4,2,4,0,0,24,6,0,2,18,8,0,0,0,2,4,54,8,194,4,12,82,58,44,4,2,32,1114,188,4,10,12,122,76,22,6,12,16,16,2,2,4,26,34,520,32,2,44,4,4,2,2,0,0,0,4,20,2,4,100,14,0
24,2,4,4,0,0,22,0,2,4,14,0,2,2,0,10,10,72,24,80,18,18,170,64,68,0,4,94,188,747,32,156,28,102,68,12,0,2,10,0,0,0,4,52,22,122,16,4,6,2,8,0,4,2,0,0,2,4,0,2,144,16,0
6,4,6,2,4,0,30,0,0,16,6,0,10,2,0,28,240,6,34,6,6,20,34,4,10,6,2,10,4,32,259,14,0,62,22,0,2,4,30,10,0,10,42,34,0,2,0,2,0,0,14,0,6,4,0,0,0,0,2,0,4,10,0
6,0,0,2,0,0,0,0,0,0,6,0,0,0,0,2,4,22,4,18,0,6,144,48,48,2,10,10,10,156,14,293,38,106,64,4,0,0,10,0,0,2,12,34,4,74,2,0,6,6,8,4,4,0,0,0,4,2,0,12,116,4,0
12,6,0,0,0,0,2,0,0,0,6,0,0,0,0,2,0,22,0,78,32,4,18,90,210,6,10,0,12,28,0,38,743,44,222,16,0,2,4,0,4,0,6,24,12,528,0,4,144,54,60,22,36,110,0,38,14,2,0,52,60,8,0
58,14,50,0,52,2,8,6,8,12,28,14,52,38,0,18,128,102,162,132,32,156,14,68,318,16,16,38,122,102,62,106,44,2271,1236,216,8,78,26,146,22,36,104,192,16,66,2,18,32,50,6,2,204,66,6,0,2,76,12,2,116,18,0
52,2,4,6,12,0,8,4,2,4,82,0,12,2,0,10,38,40,68,80,22,56,16,376,658,56,24,24,76,68,22,64,222,1236,2140,136,0,22,6,96,26,6,138,162,22,282,6,18,42,28,10,2,150,52,0,8,2,26,12,36,214,18,0
44,4,6,2,2,0,2,0,0,0,30,2,4,0,0,0,2,168,78,18,12,4,4,232,472,30,4,4,22,12,0,4,16,216,136,1366,4,46,110,92,4,6,110,116,24,580,20,108,270,76,12,24,12,6,6,0,10,780,80,26,1054,18,0
24,46,12,242,30,6,20,24,4,58,62,14,12,12,0,200,22,12,2,16,2,12,2,4,2,2,4,0,6,0,2,0,0,8,0,4,683,168,104,20,10,50,10,2,4,32,62,4,2,0,6,0,0,6,6,0,0,8,0,2,0,10,0
2,8,0,138,28,6,68,2,2,6,18,0,0,0,0,40,8,24,14,6,4,8,0,0,10,0,2,0,12,2,4,0,2,78,22,46,168,455,38,32,8,18,16,54,6,30,72,4,4,4,0,0,2,16,0,0,0,78,8,4,18,6,0
72,10,2,2,0,0,18,0,0,72,34,0,52,10,0,28,124,12,12,58,26,194,8,12,162,128,4,0,16,10,30,10,4,26,6,110,104,38,1983,4,54,214,554,52,18,58,16,88,40,14,12,0,410,16,708,4,6,6,2,10,10,10,0
22,6,82,18,96,10,6,0,4,8,4,6,2,68,0,28,96,88,142,16,2,2,2,30,12,76,4,4,16,0,10,0,0,146,96,92,20,32,4,1173,128,136,22,34,2,6,14,2,8,0,0,0,0,0,0,0,2,44,30,0,34,10,0
8,12,2,14,4,0,14,2,24,68,4,36,22,160,0,72,32,0,2,2,0,28,0,8,10,10,0,0,2,0,0,0,4,22,26,4,10,8,54,128,555,416,84,2,0,10,2,4,6,2,0,0,26,4,6,0,0,2,4,0,6,4,0
6,4,0,30,8,0,28,4,10,92,4,10,18,62,6,120,78,4,4,38,0,88,0,12,12,118,4,0,2,0,10,2,0,36,6,6,50,18,214,136,416,871,192,2,4,0,6,14,4,2,0,0,28,4,10,0,0,2,4,8,50,4,0
78,2,2,8,4,0,24,4,4,64,16,18,54,30,0,6,78,26,52,36,12,140,2,78,392,304,8,0,4,4,42,12,6,104,138,110,10,16,554,22,84,192,1226,134,4,26,2,50,36,26,30,10,332,32,52,0,0,24,6,14,56,2,0
102,46,78,98,18,0,36,8,2,2,94,0,2,0,0,32,28,28,190,30,42,8,36,140,140,44,20,10,26,52,34,34,24,192,162,116,2,54,52,34,2,2,134,3530,1104,214,206,40,44,28,2,14,266,206,6,0,8,784,80,146,564,74,0
74,42,18,100,4,0,8,0,0,0,82,0,2,0,0,4,0,14,8,4,0,0,46,20,16,2,8,2,34,22,0,4,12,16,22,24,4,6,18,2,0,4,4,1104,3594,524,148,10,16,10,6,4,4,6,0,2,54,266,188,106,590,114,2
174,10,4,62,2,0,38,16,2,0,424,2,0,4,0,12,12,82,10,192,48,4,132,982,2002,32,52,24,520,122,2,74,528,66,282,580,32,30,58,6,10,0,26,214,524,4633,456,96,666,634,210,128,118,140,8,36,78,1546,56,110,604,64,0
266,22,680,430,68,64,138,48,26,18,48,22,6,96,0,160,0,10,6,10,0,0,10,12,22,14,2,2,32,16,0,2,0,2,6,20,62,72,16,14,2,6,2,206,148,456,3271,40,18,14,4,4,6,14,2,0,2,540,72,122,236,478,2
28,40,2,10,0,0,2,2,2,6,28,0,6,0,0,6,46,2,6,16,4,2,6,214,66,364,0,0,2,4,2,0,4,18,18,108,4,4,88,2,4,14,50,40,10,96,40,1084,194,184,42,16,116,50,92,88,6,24,6,8,374,4,0
70,8,2,12,0,0,0,0,0,0,24,0,0,0,0,6,6,16,6,28,40,0,12,84,536,48,2,0,44,6,0,6,144,32,42,270,2,4,40,8,6,4,36,44,16,666,18,194,2827,278,82,116,12,92,2,2,50,58,0,30,100,0,0
104,4,2,2,0,0,0,0,0,0,4,0,0,0,0,2,24,2,0,8,4,0,2,48,1378,74,0,0,4,2,0,6,54,50,28,76,0,4,14,0,2,2,26,28,10,634,14,184,278,3474,58,560,38,556,124,256,218,16,0,60,58,4,0
16,18,0,0,0,0,2,0,0,2,10,0,4,0,0,4,20,0,0,4,8,2,8,28,314,16,2,0,4,8,14,8,60,6,10,12,6,0,12,0,0,0,30,2,6,210,4,42,82,58,344,12,42,18,6,14,12,0,0,12,26,8,0
16,4,0,2,0,0,0,0,0,0,2,0,0,0,0,0,0,0,2,0,0,0,2,26,234,10,0,0,2,0,0,4,22,2,2,24,0,0,0,0,0,0,10,14,4,128,4,16,116,560,12,467,6,64,8,26,14,6,0,40,28,0,0
46,12,32,16,10,2,20,0,2,28,32,6,128,12,0,32,268,4,46,8,0,28,28,50,380,106,4,4,2,4,6,4,36,204,150,12,0,2,410,0,26,28,332,266,4,118,6,116,12,38,42,6,1061,96,174,2,0,0,0,2,12,8,0
22,6,4,22,0,0,24,0,0,2,4,2,16,0,0,38,12,0,14,0,2,0,2,18,142,50,2,0,0,2,4,0,110,66,52,6,6,16,16,0,4,4,32,206,6,140,14,50,92,556,18,64,96,671,12,22,2,0,0,18,26,8,0
24,10,0,0,0,0,2,0,0,4,16,0,12,0,0,6,24,0,4,0,4,12,2,6,66,20,0,0,0,0,0,0,0,6,0,6,6,0,708,0,6,10,52,6,0,8,2,92,2,124,6,8,174,12,534,28,2,0,0,0,2,2,0
4,36,0,0,0,0,0,0,0,0,0,0,2,0,0,0,2,0,0,0,0,0,2,8,20,4,0,0,0,0,0,0,38,0,8,0,0,0,4,0,0,0,0,0,2,36,0,88,2,256,14,26,2,22,28,212,4,0,0,4,2,0,0
10,2,0,0,0,0,0,0,0,0,0,0,0,0,0,0,0,0,0,0,6,0,0,6,70,4,0,0,4,2,0,4,14,2,2,10,0,0,6,2,0,0,0,8,54,78,2,6,50,218,12,14,0,2,2,4,195,4,2,6,16,4,0
72,6,100,160,4,0,18,2,0,0,62,0,0,0,0,0,0,90,10,2,0,0,2,36,24,8,6,0,20,4,0,2,2,76,26,780,8,78,6,44,2,2,24,784,266,1546,540,24,58,16,0,6,0,0,0,0,4,2770,462,42,396,80,0
28,2,58,44,22,0,2,0,0,0,2,0,0,0,0,4,0,16,16,0,0,0,0,22,14,4,16,0,2,0,2,0,0,12,12,80,0,8,2,30,4,4,6,80,188,56,72,6,0,0,0,0,0,0,0,0,2,462,1156,68,136,32,2
40,10,14,76,6,2,6,0,0,0,14,0,4,0,0,2,0,2,0,2,0,0,2,246,156,56,20,0,4,2,0,12,52,2,36,26,2,4,10,0,0,8,14,146,106,110,122,8,30,60,12,40,2,18,0,4,6,42,68,794,202,32,0
62,6,18,16,4,10,22,22,28,8,380,18,30,6,0,6,28,46,20,130,0,8,114,730,320,124,46,6,100,144,4,116,60,116,214,1054,0,18,10,34,6,50,56,564,590,604,236,374,100,58,26,28,12,26,2,2,16,396,136,202,2636,208,0
50,6,102,150,34,4,78,14,12,14,36,0,0,4,0,56,8,6,8,12,2,2,6,12,2,12,36,2,14,16,10,4,8,18,18,18,10,6,10,10,4,4,2,74,114,64,478,4,0,4,8,0,8,8,2,0,4,80,32,32,208,944,0
2,0,0,0,0,0,0,0,0,0,0,0,0,0,0,0,0,0,0,0,0,0,0,0,0,0,0,0,0,0,0,0,0,0,0,0,0,0,0,0,0,0,0,0,2,0,2,0,0,0,0,0,0,0,0,0,0,0,2,0,0,0,2
